Epoch	EpLen	AvgRet	StdRet	MaxRet	MinRet	AvgVVals	StdVVals	MaxVVals	MinVVals	TotalEnvInteracts	LossPi	LossV	DeltaLossPi	DeltaLossV	Entropy	KL	ClipFrac	StopIter	Time
0	2000.0	0.057765376	0.2315009	1.0023712	-0.5967649	-0.12970029	0.03098686	0.06296536	-0.19652873	2000	-2.0116568e-10	0.06455268	-0.006544973	-0.021554489	0.6907666	0.009801688	0.11504687	155.0	9.497187376022339
1	2000.0	0.21061334	0.26716748	1.2849653	-0.5858706	-0.03288061	0.07398824	0.26577267	-0.26605403	4000	-9.015203e-10	0.074320525	-0.004575431	-0.017733078	0.683001	0.009277829	0.1007168	133.0	15.88600468635559
2	2000.0	0.44905034	0.34856385	1.5923717	-0.27880093	0.091228515	0.07576965	0.499933	-0.09433793	6000	-4.1723253e-10	0.13318828	-0.004785915	-0.03955072	0.65974	0.00784832	0.07675586	624.0	25.058853149414062
3	2000.0	0.7685015	0.43616325	2.3102388	-0.34138137	0.28137106	0.07459124	0.6604539	0.124949485	8000	4.768372e-10	0.22941148	-0.0048191785	-0.07580401	0.6249829	0.0068943226	0.07169434	624.0	34.21633505821228
4	2000.0	1.0770864	0.49786735	3.0157628	-0.15980057	0.56181824	0.074402615	1.0232583	0.43141192	10000	-4.3958429e-10	0.27740178	-0.00451958	-0.08506408	0.58652085	0.0049109356	0.062505856	624.0	43.37008500099182
5	2000.0	1.468555	0.5110857	3.316028	0.1743666	0.8561736	0.074744046	1.2505622	0.7165084	12000	3.5762787e-10	0.35578695	-0.004015769	-0.12008937	0.54298484	0.0042125992	0.05520215	624.0	52.5622923374176
6	2000.0	1.8673571	0.6008684	3.947564	0.25246492	1.2102741	0.07628863	1.6367972	1.0677407	14000	8.940697e-11	0.43082592	-0.0032835163	-0.13929674	0.49912462	0.004304894	0.047264647	624.0	61.84834384918213
7	2000.0	2.2097282	0.617466	4.0354633	0.60414726	1.5836028	0.07201878	2.0218334	1.4751397	16000	1.192093e-10	0.43105483	-0.003161475	-0.12833565	0.45717847	0.0029238232	0.040663086	624.0	71.10155963897705
8	2000.0	2.4699638	0.6668777	4.72821	0.52411336	1.951849	0.066126816	2.3182359	1.8328007	18000	-5.811453e-10	0.4229217	-0.002561227	-0.091546535	0.41403148	0.0024734123	0.025217773	624.0	80.2600793838501
9	2000.0	2.7031546	0.637104	4.465351	0.43305838	2.2608528	0.066170044	2.644126	2.1473002	20000	1.7881394e-10	0.3956032	-0.0019761743	-0.06287545	0.3760844	0.0019771946	0.03329004	624.0	89.44151091575623
10	2000.0	2.8975654	0.6496393	4.7456994	1.227447	2.5081377	0.06649962	2.8597748	2.4244664	22000	5.3644184e-10	0.37761012	-0.0016859056	-0.048903167	0.3409219	0.0014695836	0.009904297	624.0	98.61623287200928
11	2000.0	3.063911	0.70781964	5.586927	0.78183836	2.73717	0.063408166	3.07667	2.6392114	24000	-1.2628735e-09	0.41387683	-0.0013357627	-0.037927955	0.31607267	0.0014320049	0.023313476	624.0	107.79416298866272
12	2000.0	3.2817826	0.6523143	5.236282	1.5750331	2.9163105	0.06964841	3.2757542	2.8008661	26000	8.940697e-10	0.38985282	-0.0012713993	-0.040334076	0.29285055	0.0014633484	0.021989258	624.0	117.01784205436707
13	2000.0	3.3727632	0.7081369	5.350503	1.2900224	3.114137	0.070241384	3.4569807	2.997745	28000	-2.1085145e-09	0.3975571	-0.00091035134	-0.023582548	0.26510602	0.0010149215	0.011613281	624.0	126.1988480091095
14	2000.0	3.4371767	0.7116581	5.546958	1.3787721	3.2634597	0.06582859	3.5823236	3.1655223	30000	1.9241124e-09	0.410614	-0.00076677575	-0.010600746	0.24265678	0.000757379	0.0126875	624.0	135.45915865898132
15	2000.0	3.5775275	0.7269263	5.615127	1.4676874	3.3740237	0.07546911	3.8060577	3.2699287	32000	-5.960465e-11	0.40659654	-0.00080474565	-0.0146538615	0.22321983	0.0008267979	0.005331055	624.0	144.65770888328552
16	2000.0	3.6956153	0.7188697	5.5201855	1.4863334	3.4803011	0.063020006	3.7890935	3.3939674	34000	5.960465e-11	0.4085205	-0.00057598075	-0.013496369	0.20492785	0.0010630895	0.010470703	624.0	153.90559601783752
17	2000.0	3.7454958	0.7509657	6.0546317	1.7638798	3.5986922	0.0665576	3.969344	3.5082862	36000	-5.4016713e-10	0.41084415	-0.0005451252	-0.0050735176	0.18892056	0.000844493	0.010258789	624.0	163.15018486976624
18	2000.0	3.778098	0.6970986	5.818405	1.8242564	3.6728158	0.067229606	3.981497	3.5676193	38000	-4.768372e-10	0.38702387	-0.00036742375	-0.0041015744	0.17835063	0.0009993695	0.013290039	624.0	172.36421036720276
19	2000.0	3.8145242	0.73333716	6.3295345	1.7205465	3.7441025	0.06513186	4.035831	3.6490712	40000	-4.991889e-10	0.4066094	-0.0004182131	-0.0013632178	0.16498008	0.00059118104	0.0020253905	624.0	181.57346057891846
20	2000.0	3.9112778	0.7125186	6.025733	1.9635628	3.768796	0.06973522	4.090603	3.6686184	42000	5.960465e-11	0.4075934	-0.00030508332	-0.008014351	0.15517542	0.00042952265	0.0028847656	624.0	190.7872908115387
21	2000.0	3.8956547	0.6932701	6.015288	1.8874916	3.850992	0.06370647	4.168486	3.767224	44000	9.983778e-10	0.38120082	-0.00025356148	-0.00033020973	0.14846505	0.00080707157	0.008799804	624.0	200.0583531856537
22	2000.0	3.934267	0.7172404	6.345833	2.1741385	3.8875258	0.060484737	4.1381426	3.7772703	46000	8.270145e-10	0.3883407	-0.00036417038	-0.0010250211	0.13863079	0.000509989	0.0028671876	624.0	209.26838207244873
23	2000.0	3.956486	0.7640731	6.0803394	1.7655385	3.9253116	0.06871369	4.2372775	3.8151467	48000	-4.768372e-10	0.43100387	-0.00016896964	-0.0012744665	0.13312204	0.00041382213	0.00421875	624.0	218.43003129959106
24	2000.0	3.9858658	0.7360584	6.4672613	1.3159279	3.9609728	0.058669563	4.2668314	3.8726346	50000	-8.3446505e-10	0.40930176	-0.00018928398	-9.611249e-05	0.12491134	0.00025107648	0.0016035156	624.0	227.61285877227783
25	2000.0	3.9976048	0.73534465	6.249374	2.0738692	3.9376307	0.0648453	4.2542253	3.8390512	52000	-2.384186e-10	0.41960207	-0.00014648141	-0.00091072917	0.11945061	0.00025227614	0.0021796876	624.0	236.8024926185608
26	2000.0	3.989145	0.75307924	6.671311	1.8368263	3.9678361	0.072896436	4.3289013	3.8674765	54000	-2.0861626e-10	0.41664988	-0.00011951903	-0.00048655272	0.11361065	0.00068902003	0.0066767577	624.0	245.97759461402893
27	2000.0	4.045069	0.7208312	6.2087	2.1659665	3.978232	0.07456239	4.3225703	3.8488677	56000	1.937151e-10	0.4089487	-0.000106328356	-0.0021293163	0.109470025	0.00049859256	0.005786133	624.0	255.15377950668335
28	2000.0	4.0407095	0.7629828	6.1555753	1.7657286	4.015132	0.06695687	4.3396764	3.9085977	58000	-4.5448545e-10	0.43440217	-0.00011272739	-0.00037005544	0.10321018	0.0007607279	0.006423828	624.0	264.35375452041626
29	2000.0	4.0811505	0.75579107	6.2283936	2.031032	4.0369744	0.072673075	4.3733397	3.9316812	60000	8.940697e-11	0.40963683	3.6961737e-06	-0.00027659535	0.10078014	0.00040964244	0.004227539	624.0	273.53382682800293
30	2000.0	4.0667753	0.73858434	6.3910346	2.2628145	4.0846214	0.06848682	4.439524	3.9934952	62000	5.6624416e-10	0.40488753	0.00025824134	-0.0007304549	0.09680797	0.0013378968	0.02239453	624.0	282.72621273994446
31	2000.0	4.1015444	0.756467	6.466696	2.1753714	4.096723	0.07141542	4.4271836	3.9942732	64000	1.0728837e-09	0.42798108	-0.00012704982	0.0004387796	0.09330267	0.00024294127	0.0017158203	624.0	291.93544816970825
32	2000.0	4.059612	0.73228455	6.478066	1.8447038	4.1247883	0.0694897	4.4432144	4.025122	66000	1.4901162e-10	0.40016976	9.219528e-06	-0.0021357536	0.088104025	0.00039568558	0.0041904296	624.0	301.1378700733185
33	2000.0	4.086832	0.7575145	6.8645186	1.9232005	4.0822783	0.06203419	4.3758516	3.991338	68000	4.768372e-10	0.41678828	6.6250206e-05	-0.00039073825	0.085265405	0.0005582816	0.006873047	624.0	310.36248683929443
34	2000.0	4.1057453	0.7574114	5.93549	2.3073487	4.0655503	0.059895337	4.35023	3.9719124	70000	1.2665988e-10	0.41814575	-7.1664224e-05	-0.00044253469	0.08241593	0.00037089502	0.0026484374	624.0	319.61331009864807
35	2000.0	4.08719	0.7451771	6.3049736	1.7910502	4.0712366	0.0658794	4.381515	3.9872134	72000	-4.321337e-10	0.43868417	-9.9893536e-05	-0.0007404089	0.08131516	0.0002833395	0.0021210937	624.0	328.87636065483093
36	2000.0	4.0943074	0.7645085	6.2665877	1.8035561	4.117546	0.072092615	4.436432	4.0209727	74000	-1.2665988e-10	0.43194535	-4.7685848e-05	-0.00015175343	0.0792602	0.0003476373	0.0030820312	624.0	338.13152289390564
37	2000.0	4.1301723	0.7400539	6.1252484	1.8929797	4.125501	0.060810562	4.4372544	4.029933	76000	5.960465e-11	0.41580126	0.00024569847	-0.0005146563	0.07742658	0.0009725294	0.014953125	624.0	347.38588643074036
38	2000.0	4.1182528	0.7738451	6.2601457	2.127077	4.130095	0.06076005	4.455704	4.026955	78000	-2.0861626e-09	0.4200615	-3.5965328e-05	-0.00068953633	0.07520467	0.0004119976	0.0026201173	624.0	356.65374541282654
39	2000.0	4.0790443	0.7818211	6.437187	2.0243402	4.1178613	0.0676406	4.40517	4.020317	80000	-9.834766e-10	0.43533513	0.00010311391	-9.208918e-06	0.074504636	0.00043310577	0.0052041016	624.0	365.9371201992035
40	2000.0	4.05188	0.73051757	6.477256	1.8930683	4.1288333	0.07012366	4.4810777	4.017856	82000	7.748604e-10	0.4066059	-4.273546e-05	-0.0018220544	0.07298521	0.00011920008	0.00046777344	624.0	375.2299325466156
41	2000.0	4.093915	0.75801754	6.767467	1.8680042	4.0945544	0.05489459	4.3558097	4.0100026	84000	-2.026558e-09	0.43349248	6.403804e-06	0.00035595894	0.070713095	0.0002470014	0.0018085937	624.0	384.5161943435669
42	2000.0	4.032021	0.71429574	6.62202	1.6827269	4.1226683	0.06010622	4.4146047	4.033362	86000	2.384186e-10	0.39241558	-5.508392e-05	-0.0019882917	0.069535844	0.00010036891	0.00023730469	624.0	393.8015282154083
43	2000.0	4.100192	0.7583949	6.2818904	2.1919615	4.089552	0.054282743	4.3718696	4.003407	88000	-8.3446505e-10	0.41246894	-6.150669e-05	-0.00016877055	0.06732315	0.00013564141	0.0004189453	624.0	403.0552866458893
44	2000.0	4.0463514	0.7476309	6.45739	2.2596457	4.1122675	0.06606279	4.4198785	4.007891	90000	-9.834766e-10	0.40249532	-1.5446813e-05	-0.002043426	0.066315435	0.00032227507	0.0030927735	624.0	412.3038170337677
45	2000.0	4.087928	0.7538731	6.4115987	2.1451943	4.0751195	0.06188513	4.4151106	3.9886847	92000	-5.3644184e-10	0.43814492	0.00014091826	-0.0009148419	0.06515091	0.00071557524	0.011017578	624.0	421.52041578292847
46	2000.0	4.047362	0.70457053	6.224791	2.0950847	4.101573	0.062431213	4.4307466	4.0220795	94000	-1.1175871e-09	0.39307392	-3.4987555e-05	-0.00024172664	0.06354227	0.00012754848	0.00060058595	624.0	430.7119610309601
47	2000.0	4.186283	0.79046154	6.821045	1.7048628	4.06684	0.06630719	4.3865266	3.962665	96000	1.4901162e-10	0.4601891	-5.8704707e-05	-0.005015582	0.06204696	0.00018168507	0.001194336	624.0	439.91313338279724
48	2000.0	4.1059065	0.7508248	6.455043	1.7131788	4.140971	0.06460295	4.482599	4.057768	98000	5.960465e-11	0.4473427	-6.271488e-05	-0.00045731664	0.060389135	9.359924e-05	0.00075390626	624.0	449.1205303668976
49	2000.0	4.1110187	0.7487207	6.2004533	1.8082558	4.1277924	0.05908175	4.4157248	4.0428753	100000	2.1457673e-09	0.41826016	-4.2633685e-05	-0.00019681454	0.058684256	0.0001119742	0.0005371094	624.0	458.32036113739014
50	2000.0	4.0851665	0.7403048	6.5820317	2.0655725	4.120416	0.059518147	4.407959	4.0186553	102000	5.960465e-10	0.41632017	-6.960976e-05	-0.00050646067	0.0570153	0.0001277445	0.0008027344	624.0	467.53084444999695
51	2000.0	4.0879097	0.7710287	6.2666264	1.9606642	4.1091475	0.074487485	4.440566	3.9970045	104000	-1.9520523e-09	0.4341872	1.4988557e-05	-0.00013703108	0.05527438	0.0004076082	0.0052851564	624.0	476.7465329170227
52	2000.0	4.12831	0.73835355	6.354195	2.005801	4.075513	0.0666503	4.3866873	3.9869454	106000	2.384186e-10	0.41074753	-2.9928327e-05	-0.0013681352	0.054640893	0.00022613395	0.0019716797	624.0	485.9763946533203
53	2000.0	4.1864214	0.7909605	7.0096025	2.068781	4.110268	0.069072895	4.3987217	4.010602	108000	-7.1525574e-10	0.4408152	6.6384004e-05	-0.0019194484	0.053708065	0.00051771075	0.00575	624.0	495.21031975746155
54	2000.0	4.136567	0.7310426	6.943191	1.8188475	4.1595063	0.07462931	4.4793515	4.070561	110000	8.940697e-11	0.41788536	-5.8328515e-06	-0.0003144443	0.052071933	0.00027036577	0.0028779297	624.0	504.45999908447266
55	2000.0	4.1172123	0.77237195	6.3454843	1.8333232	4.1666484	0.043435268	4.4198833	4.1034293	112000	-8.940697e-11	0.41991675	0.00012253255	-0.0018801689	0.050413303	0.00036715326	0.0046503907	624.0	513.7283999919891
56	2000.0	4.123187	0.7437359	6.9587765	1.8301083	4.1436377	0.05856599	4.4298577	4.0487394	114000	5.066395e-10	0.4166728	4.5558307e-05	-0.00015869737	0.04942995	0.00026880502	0.0020976563	624.0	522.9930908679962
57	2000.0	4.1020975	0.7323131	6.1959867	2.1951685	4.143883	0.06114859	4.416004	4.0541677	116000	1.5497208e-09	0.41147375	3.9007813e-05	-0.0016122758	0.048867956	0.00034164495	0.0046875	624.0	532.2483508586884
58	2000.0	4.070409	0.7408119	6.1288095	1.9331949	4.1020308	0.05948749	4.375315	4.018129	118000	-2.421439e-10	0.4061252	6.79886e-05	-0.00054204464	0.048353888	0.0004066761	0.0047597657	624.0	541.5112476348877
59	2000.0	4.1003056	0.78222144	6.5542874	1.6643002	4.089506	0.064005926	4.4098177	4.0031204	120000	-8.3446505e-10	0.44415095	5.1937997e-05	-0.00023418665	0.04691287	0.00038603196	0.004334961	624.0	550.763352394104
60	2000.0	4.126316	0.6964983	6.3311067	2.273474	4.103172	0.060529552	4.408654	4.0076256	122000	8.642674e-10	0.39741367	9.319732e-05	-0.00049984455	0.045551326	0.00027453495	0.0037626952	624.0	560.033430814743
61	2000.0	4.088518	0.74036956	6.131432	1.750593	4.1138024	0.06293414	4.359738	4.0101695	124000	-2.9802324e-10	0.4245199	2.5644602e-05	-0.0005708337	0.045189094	0.00038759844	0.0056728516	624.0	569.3043711185455
62	2000.0	4.14026	0.7477135	6.156983	1.9351009	4.1051607	0.06949324	4.4443436	4.0100746	126000	-3.5762787e-10	0.44415858	-3.3639672e-06	-0.0010593235	0.044852704	0.00025833282	0.0029941406	624.0	578.5644159317017
63	2000.0	4.155797	0.7055255	6.2981963	2.1658742	4.1293836	0.06288734	4.416009	4.035453	128000	3.5762787e-10	0.39650026	1.7908722e-05	-0.0004979074	0.04368359	0.00027872255	0.0024423827	624.0	587.7966876029968
64	2000.0	4.1116347	0.7780756	6.526578	2.124827	4.15836	0.053226903	4.4211893	4.090587	130000	6.258488e-10	0.4601	-1.5563131e-05	-0.0008304715	0.043081027	0.00017695692	0.0014267578	624.0	597.0192720890045
65	2000.0	4.1898456	0.7550591	6.534167	2.049471	4.1144896	0.080006465	4.4650054	4.0061526	132000	3.5762787e-10	0.42846715	1.9532145e-05	-0.0041864812	0.042436577	0.0002545522	0.00296875	624.0	606.2281203269958
66	2000.0	4.1322784	0.7649743	6.551834	2.1800246	4.184266	0.06746683	4.4769883	4.086644	134000	4.0233136e-10	0.42608956	8.669452e-06	-0.0008906126	0.042108033	0.00020967293	0.002154297	624.0	615.4360632896423
67	2000.0	4.1648464	0.7459325	6.2928424	1.8478603	4.164042	0.061129507	4.4751153	4.0739613	136000	-9.536744e-10	0.41000238	0.00011119965	1.7911196e-05	0.041185316	0.00035896394	0.0041757813	624.0	624.6386258602142
68	2000.0	4.1622534	0.7824939	6.3649545	1.6749498	4.1404333	0.061445378	4.427099	4.0432615	138000	1.7881394e-10	0.44659758	6.381276e-05	0.0007700324	0.040523898	0.0001714193	0.0016347656	624.0	633.8520112037659
69	2000.0	4.126102	0.7160858	6.1670084	2.259002	4.116311	0.060952764	4.4512753	4.0345144	140000	-7.5995926e-10	0.40508935	-2.7224809e-05	-0.0002580583	0.039927818	0.00012490581	0.0010986328	624.0	643.0380091667175
70	2000.0	4.0880995	0.744373	6.41789	2.1080344	4.126159	0.06763462	4.439075	4.0433574	142000	2.0861626e-10	0.42735666	-5.9491875e-05	-0.00046944618	0.0391162	0.00014579808	0.001303711	624.0	652.2213099002838
71	2000.0	4.187397	0.7654791	6.3851633	1.755639	4.0957723	0.06296109	4.397635	3.9989436	144000	1.4901162e-11	0.42406106	3.456533e-05	-0.0025222003	0.0383255	0.00017881535	0.0020009766	624.0	661.372138261795
72	2000.0	4.1863933	0.72142005	6.365954	2.0222692	4.1445875	0.06309696	4.45201	4.042357	146000	-5.3644184e-10	0.40300393	2.350265e-05	-0.00063824654	0.03817271	0.00020771351	0.0022402343	624.0	670.5178883075714
73	2000.0	4.151437	0.7573217	6.3503075	2.0226805	4.1505785	0.06335769	4.4891334	4.078118	148000	4.768372e-10	0.43406892	-2.7309537e-05	0.00021776557	0.037807323	0.00023855142	0.0026689454	624.0	679.6840152740479
74	2000.0	4.039506	0.7392559	6.660356	1.7488799	4.1863627	0.06034472	4.48325	4.105309	150000	-8.940697e-11	0.44345522	-2.3562776e-05	-0.008056521	0.037098303	0.00016107954	0.0016630859	624.0	688.8645150661469
75	2000.0	4.140073	0.753657	6.7715945	1.9611671	4.1089945	0.07463251	4.4391375	4.003216	152000	0.0	0.4376347	0.0001856677	-0.0004798174	0.03657485	0.00034876994	0.0043564453	624.0	698.0663323402405
76	2000.0	4.123945	0.80277646	6.8792458	1.7904015	4.1164417	0.06299671	4.4256644	4.032449	154000	8.940697e-10	0.46723005	0.000115090676	0.0004889965	0.03596122	0.00044701959	0.0070927734	624.0	707.292441368103
77	2000.0	4.1665363	0.69717777	6.0042167	1.8160623	4.1496863	0.06867515	4.4992285	4.0594296	156000	-9.387732e-10	0.38314766	2.6348667e-05	-0.00012651086	0.035358332	0.00027413998	0.0028515626	624.0	716.5186126232147
78	2000.0	4.1122804	0.7546016	6.2874427	1.6548758	4.1723905	0.04697904	4.4146233	4.094572	158000	-1.013279e-09	0.43390033	1.0480702e-05	-0.0015056431	0.035058655	0.00035648883	0.0044785156	624.0	725.7516367435455
79	2000.0	4.0694146	0.7529406	6.462297	1.8780503	4.133615	0.079675876	4.5450807	4.0349545	160000	6.5565114e-10	0.41043484	-2.339366e-05	-0.0014571548	0.034722786	0.00011466292	0.0006757812	624.0	735.0033392906189
80	2000.0	4.1119676	0.76406485	6.285296	1.4246184	4.0962453	0.07137711	4.4164195	3.9974027	162000	5.960465e-10	0.43784958	6.428631e-05	-9.378791e-05	0.03450639	0.0002757509	0.0029326172	624.0	744.2787108421326
81	2000.0	4.127799	0.757053	6.5500917	1.8946999	4.111479	0.057826612	4.4366474	4.0178704	164000	3.397465e-09	0.4266232	0.00011083621	-0.00021842122	0.034340296	0.00039492367	0.0053447266	624.0	753.5532653331757
82	2000.0	4.1036973	0.760961	6.0718775	1.3617678	4.0848804	0.06933225	4.4142914	3.9838178	166000	8.3446505e-10	0.4310609	4.6168927e-05	-0.00015476346	0.033604216	0.00023677222	0.0026992187	624.0	762.8478047847748
83	2000.0	4.113658	0.7433867	6.3302116	2.121549	4.0954943	0.06608562	4.407988	3.9957464	168000	-1.2218953e-09	0.44052038	0.00013509074	-0.0003003478	0.03385154	0.00044402672	0.0059765624	624.0	772.1590232849121
84	2000.0	4.1691656	0.7681744	6.2564116	2.1696267	4.110079	0.058678057	4.366163	4.0213003	170000	1.4901162e-10	0.45147383	0.0003790031	-0.0019741058	0.03301708	0.0007481562	0.010925781	624.0	781.4739007949829
85	2000.0	4.1482	0.7628063	6.1825914	1.4422547	4.144622	0.07242675	4.46574	4.0387096	172000	3.6209824e-09	0.43111914	2.29114e-05	0.0005348325	0.03274328	0.00022851887	0.0028085937	624.0	790.784544467926
86	2000.0	4.1817245	0.75702184	6.831205	2.1080217	4.11188	0.07348902	4.4557533	4.014032	174000	-4.4703485e-10	0.42623276	-3.0819654e-05	-0.0014839172	0.03225797	0.00012110281	0.0011669922	624.0	800.082346200943
87	2000.0	4.1613083	0.7616393	6.181711	2.1670396	4.1579742	0.06939949	4.4898925	4.0706124	176000	-2.9802324e-10	0.45522287	3.5869987e-05	-0.00018104911	0.031724323	0.00020273322	0.0018359375	624.0	809.3652627468109
88	2000.0	4.1495447	0.7466854	6.0876527	1.8563023	4.168157	0.06895395	4.5074077	4.0630794	178000	1.7881394e-10	0.41760972	2.0986321e-05	-0.00061005354	0.031346016	0.00021302758	0.0031992188	624.0	818.6232268810272
89	2000.0	4.132559	0.7927043	6.3664	2.0138085	4.148095	0.056196176	4.421217	4.0672975	180000	6.4074995e-10	0.45175695	0.00010273511	-0.00046667457	0.031081695	0.0003494558	0.004950195	624.0	827.8777692317963
90	2000.0	4.098526	0.75750697	7.022831	1.7393109	4.1189904	0.079219155	4.431669	3.9956698	182000	-8.940697e-10	0.42406878	6.8069403e-06	-0.0006635487	0.030797651	0.0001998276	0.002671875	624.0	837.142468214035
91	2000.0	4.0413723	0.7424884	6.5184765	2.0794892	4.0911965	0.06671921	4.4063807	3.992098	184000	-8.940697e-11	0.42036736	-2.8008106e-05	-0.00096043944	0.030874833	0.00020979183	0.002705078	624.0	846.3676002025604
92	2000.0	4.1615753	0.7867202	6.209086	1.2097389	4.0706005	0.05965468	4.3886695	3.9859376	186000	2.9802324e-10	0.46473444	5.9865506e-05	-0.0035887957	0.030057773	0.00027591278	0.00412793	624.0	855.5541849136353
93	2000.0	4.140458	0.78553104	6.477162	1.8272587	4.124081	0.06964048	4.443994	4.0194144	188000	1.6614795e-09	0.45525974	-4.3356504e-05	-0.00071173906	0.02995473	0.00020236983	0.0025068359	624.0	864.7225012779236
94	2000.0	4.148448	0.7696194	6.609774	1.6145029	4.1281013	0.06800955	4.4243207	4.030491	190000	4.768372e-10	0.43993503	2.6029886e-05	-0.00028267503	0.029823942	0.00017960402	0.0015175781	624.0	873.8858387470245
95	2000.0	4.128211	0.7630492	6.6540875	2.0220904	4.1224213	0.069487005	4.452876	4.0372257	192000	-2.384186e-10	0.42985547	-5.6470635e-06	-4.7683716e-07	0.029366972	0.00022323558	0.0026015625	624.0	883.0520279407501
96	2000.0	4.133405	0.78494805	6.32702	1.8695437	4.1534452	0.058610246	4.453948	4.0776052	194000	6.705523e-10	0.44479826	1.5083366e-05	-0.00028184056	0.028838756	0.00017711344	0.00171875	624.0	892.2175095081329
97	2000.0	4.1732907	0.7283863	6.472512	2.290086	4.153538	0.06941835	4.436676	4.056548	196000	1.013279e-09	0.42146364	8.825094e-05	-0.00054576993	0.028439235	0.00026917062	0.0033408203	624.0	901.3894672393799
98	2000.0	4.097746	0.7293603	6.0411215	2.0358536	4.1681547	0.06431388	4.489191	4.078809	198000	1.1622906e-09	0.4048539	0.00013227946	-0.0017697215	0.02836658	0.0004026832	0.0060556643	624.0	910.5678701400757
99	2000.0	4.0863667	0.7251343	6.3238673	2.1752927	4.135913	0.064496696	4.421296	4.0443807	200000	-1.1324883e-09	0.3934271	0.00014028444	-0.0012907386	0.02821721	0.0004483057	0.0049111326	624.0	919.745555639267
100	2000.0	4.104126	0.76062924	6.342096	2.2142117	4.105755	0.0559045	4.3607454	4.0251365	202000	2.384186e-10	0.42656332	-2.8865936e-06	-0.00017428398	0.027923753	0.00012177983	0.0014150391	624.0	928.955246925354
101	2000.0	4.1037126	0.7859468	6.69771	1.2460139	4.097766	0.061075278	4.4451528	4.0329022	204000	8.940697e-11	0.44194296	0.00024633182	-0.0007879436	0.02768513	0.00044962994	0.0051572267	624.0	938.1594722270966
102	2000.0	4.165251	0.7509337	6.3212266	2.0670044	4.123774	0.06420917	4.4309735	4.0309615	206000	-1.1324883e-09	0.42315573	-2.7661712e-05	-0.0006607473	0.027330853	0.0002190984	0.0028476561	624.0	947.3739783763885
103	2000.0	4.1117554	0.73868257	6.3273354	2.1595597	4.150049	0.06909614	4.49073	4.0504313	208000	-3.5762787e-10	0.42713103	8.035708e-05	-0.0008380711	0.02725501	0.00029655686	0.0036689453	624.0	956.6077036857605
104	2000.0	4.1419725	0.76091236	7.152101	2.2631366	4.1273437	0.070890695	4.4769993	4.0248914	210000	4.4703485e-10	0.44881123	0.000129668	-6.446242e-05	0.026839586	0.00029508033	0.003999023	624.0	965.8688952922821
105	2000.0	4.1180167	0.77601105	6.5174236	1.7305341	4.145664	0.07261714	4.4771347	4.0521555	212000	-4.842878e-10	0.446915	7.882152e-05	-0.00035181642	0.026477363	0.00029407075	0.0050009764	624.0	975.1274166107178
106	2000.0	4.195785	0.73025584	6.101605	2.2235267	4.1348934	0.06903653	4.4873757	4.0303774	214000	-3.054738e-10	0.41161907	0.00016401647	-0.00081804395	0.026195731	0.0003678564	0.005366211	624.0	984.3906502723694
107	2000.0	4.114218	0.7254836	6.1297717	2.089504	4.1437964	0.062655285	4.475857	4.054055	216000	-2.384186e-10	0.41946253	-1.6509295e-05	-0.0009908974	0.026261795	0.00017341557	0.0016015625	624.0	993.6676230430603
108	2000.0	4.0771203	0.74027115	7.129295	1.8802648	4.1131783	0.058940794	4.4020114	4.046337	218000	-8.3446505e-10	0.41751692	3.1774343e-05	-0.00077971816	0.02587766	0.00025781078	0.0040048826	624.0	1002.9565711021423
109	2000.0	4.1090283	0.73046356	6.373229	1.569015	4.086673	0.06678313	4.4080157	3.9986696	220000	-4.321337e-10	0.4104508	2.2574166e-05	0.0002527833	0.026185617	9.114262e-05	0.00060546875	624.0	1012.2395792007446
110	2000.0	4.0892735	0.70566356	6.0038853	2.001202	4.0736375	0.07008502	4.431951	3.9738612	222000	-7.1525574e-10	0.39819896	0.00013370308	-0.00026521087	0.025597388	0.00037151357	0.004583984	624.0	1021.5189638137817
111	2000.0	4.1448708	0.75206226	6.7237563	2.2400146	4.0820127	0.061532795	4.3504486	3.986045	224000	-2.384186e-10	0.43773422	0.00011586834	-0.0017845631	0.025703607	0.00024730162	0.0031513672	624.0	1030.8355515003204
112	2000.0	4.128015	0.7384993	6.3850865	1.6983075	4.1077013	0.0635093	4.4152393	4.017996	226000	-6.5565114e-10	0.44758612	6.092072e-06	-0.0003142953	0.024923502	0.00014240004	0.002727539	624.0	1040.0670747756958
113	2000.0	4.0983925	0.73292816	6.064253	2.253604	4.1107497	0.07121182	4.462705	4.013065	228000	-1.5497208e-09	0.41820037	7.945866e-05	-0.0005309284	0.024520442	0.0002287538	0.0031435548	624.0	1049.2749943733215
114	2000.0	4.126829	0.7392658	6.5906773	1.8516308	4.0851254	0.06665588	4.3784194	3.9896574	230000	-6.5565114e-10	0.40864584	-1.5477748e-05	-0.0003387034	0.024463892	6.464295e-05	0.00071289064	624.0	1058.457885980606
115	2000.0	4.1285067	0.76165146	6.2295713	1.9488837	4.095282	0.07722899	4.4334707	3.9866855	232000	-2.9802324e-11	0.4391513	0.00011877385	-0.0005145073	0.024235887	0.0003072754	0.0037607423	624.0	1067.6154000759125
116	2000.0	4.1432686	0.7502574	6.7089725	1.9812211	4.095972	0.065512754	4.425713	4.005449	234000	1.192093e-10	0.42911518	-3.078318e-05	-0.0013756752	0.023743656	5.470279e-05	0.000390625	624.0	1076.7907650470734
117	2000.0	4.0765486	0.76783514	6.5982575	2.1917632	4.1296983	0.06762032	4.4148517	4.0352473	236000	1.616776e-09	0.4258844	9.999551e-06	-0.0016720593	0.023550196	0.00019780056	0.0019189453	624.0	1085.9679644107819
118	2000.0	4.070629	0.7767466	6.7723837	2.0170257	4.082805	0.07013168	4.4626617	3.9963589	238000	8.940697e-11	0.4521274	1.9083143e-05	-0.00032800436	0.023646777	0.00012666693	0.0014345703	624.0	1095.1760473251343
119	2000.0	4.1352015	0.7739529	7.2344065	1.9223329	4.085868	0.061994426	4.4153633	4.008293	240000	7.1525574e-10	0.444314	-8.308649e-06	0.0007843077	0.023340844	0.0001035572	0.0009042969	624.0	1104.366916179657
120	2000.0	4.1085606	0.74734044	6.3206697	1.4718051	4.1417866	0.07046181	4.4898496	4.050954	242000	-1.4901162e-10	0.41381064	7.880166e-05	-0.00043052435	0.02298436	0.00039488985	0.0050009764	624.0	1113.570336818695
121	2000.0	4.1152883	0.7952315	6.610731	1.7978767	4.1299915	0.06993235	4.4852643	4.0416093	244000	5.6624416e-10	0.4445538	9.594263e-05	-0.00016766787	0.022436116	0.00040794458	0.0059228516	624.0	1122.7541489601135
122	2000.0	4.1454024	0.7766501	6.1235075	2.0943377	4.1266093	0.06750957	4.469535	4.0298862	246000	-1.1175871e-09	0.44699338	6.220051e-05	-0.00067546964	0.022472065	0.0002611053	0.0033652345	624.0	1131.945697069168
123	2000.0	4.125087	0.7439211	6.3955617	1.92652	4.1800523	0.06156397	4.4601135	4.094813	248000	-2.5331975e-10	0.41940984	7.77042e-06	-0.0015758872	0.022598855	0.00013456389	0.0015537109	624.0	1141.1500344276428
124	2000.0	4.191451	0.73245484	6.399947	2.2903128	4.1350346	0.062359415	4.468407	4.0412984	250000	-4.917383e-10	0.40789154	0.00020383233	-0.0010248423	0.022161778	0.0004989364	0.0063789063	624.0	1150.4239013195038
125	2000.0	4.1443963	0.7634631	6.332388	1.8518262	4.153631	0.06490439	4.4390345	4.0578513	252000	4.768372e-10	0.4489282	6.8524e-05	-0.00039416552	0.02194604	0.00019599404	0.0025771484	624.0	1159.6556990146637
126	2000.0	4.1626415	0.769638	6.521934	1.8752489	4.133948	0.075535074	4.452302	4.032595	254000	8.642674e-10	0.44004646	0.000109941306	-0.0009816885	0.021607565	0.0002068626	0.002307617	624.0	1168.8337352275848
127	2000.0	4.152955	0.74823207	6.0184193	1.7537283	4.1741123	0.06668442	4.506166	4.0839233	256000	8.940697e-10	0.40408403	-3.6346675e-05	-0.00040975213	0.021077648	4.2486787e-05	0.00018359374	624.0	1178.007155418396
128	2000.0	4.087021	0.7463591	6.376437	1.4780642	4.1657805	0.06273534	4.4598947	4.075823	258000	-1.192093e-10	0.4269786	-2.529669e-05	-0.0036344826	0.021223774	0.00018771639	0.0024726563	624.0	1187.1906776428223
129	2000.0	4.091884	0.7686011	6.536816	1.7128193	4.1144285	0.06545777	4.4290323	4.022238	260000	-3.5762787e-10	0.4185426	4.8595728e-05	-0.0002118051	0.021314098	0.00016716495	0.002635742	624.0	1196.407026052475
130	2000.0	4.146368	0.765136	6.2931733	1.522407	4.109261	0.0735818	4.4550004	4.012299	262000	1.192093e-10	0.4319398	-3.568146e-05	-0.00041896105	0.021386342	3.4128254e-05	8.398438e-05	624.0	1205.639235496521
131	2000.0	4.132538	0.7766777	6.23667	1.9735051	4.115911	0.06342986	4.446277	4.031065	264000	-2.384186e-10	0.41397265	2.1137239e-05	-0.00079348683	0.021137731	0.000227567	0.0027519532	624.0	1214.8540737628937
132	2000.0	4.143338	0.78576493	6.38346	2.0090423	4.127155	0.06896869	4.4397354	4.036118	266000	1.6689301e-09	0.44173253	-2.0405862e-05	0.0005392432	0.020980647	0.000118578755	0.0014121094	624.0	1224.0734333992004
133	2000.0	4.1723666	0.74395394	6.59906	1.9992802	4.1088	0.06334719	4.4318757	4.029967	268000	9.536744e-10	0.42848483	2.9574396e-05	-0.0009370446	0.020502785	0.0002524711	0.0035986328	624.0	1233.2753283977509
134	2000.0	4.13048	0.7899457	6.559926	1.5218614	4.129472	0.0687379	4.4672236	4.040605	270000	-6.258488e-10	0.43703336	-1.7333568e-05	-4.8846006e-05	0.020473467	0.00013910962	0.0013740234	624.0	1242.4639432430267
135	2000.0	4.1117806	0.7475954	6.055195	1.4826839	4.139184	0.06985096	4.4583116	4.0430055	272000	0.0	0.4200821	5.8232967e-05	-0.00048306584	0.020665735	0.00018322251	0.0031640625	624.0	1251.6506474018097
136	2000.0	4.123418	0.7327196	6.191333	2.1639438	4.1149626	0.064098574	4.3910594	4.029065	274000	-4.1723253e-10	0.4133998	4.8123766e-05	-0.00024226308	0.020614387	0.00020328871	0.0031171874	624.0	1260.8300261497498
137	2000.0	4.192399	0.753859	6.438076	2.058361	4.114406	0.07192062	4.4710064	4.0212574	276000	-8.046627e-10	0.43110853	0.0002929197	-0.002652824	0.020336349	0.00047098217	0.0057529295	624.0	1269.9980046749115
138	2000.0	4.1276207	0.7701884	6.4613976	1.9416387	4.1677732	0.064574756	4.465654	4.078906	278000	-4.4703485e-10	0.45750117	0.00020106253	-0.00025874376	0.020191252	0.00038619668	0.006013672	624.0	1279.2784731388092
139	2000.0	4.16558	0.72918165	6.1292205	1.8158059	4.1368093	0.06991864	4.5446067	4.0578766	280000	-2.9802324e-10	0.4262619	8.906225e-05	-0.0011205077	0.020202806	0.0001664063	0.0020966798	624.0	1288.4595556259155
140	2000.0	4.189142	0.76421785	6.8166256	1.6264937	4.1641865	0.06562601	4.489421	4.083138	282000	8.195639e-11	0.44182646	3.759645e-05	-0.0005861819	0.02012601	0.00015218343	0.0016572266	624.0	1297.6537239551544
141	2000.0	4.0940084	0.7402485	6.462108	2.18441	4.175854	0.06411518	4.487078	4.0720916	284000	1.192093e-10	0.41718507	-5.4644347e-06	-0.0019735992	0.020166697	0.00014384584	0.0014951172	624.0	1306.7863965034485
142	2000.0	4.150258	0.7847432	6.0105753	1.3379614	4.096389	0.068806075	4.432036	4.012602	286000	1.0728837e-09	0.4568838	1.903163e-05	-0.0013027489	0.019884521	0.00016303314	0.0024589843	624.0	1315.9412198066711
143	2000.0	4.1809816	0.7619899	6.346884	2.0356007	4.1282973	0.07272156	4.4919558	4.037179	288000	1.4901162e-10	0.4337411	0.00014866154	-0.00082165	0.019899083	0.0003370496	0.0040166015	624.0	1325.0972228050232
144	2000.0	4.177654	0.7564926	6.7603207	1.7482848	4.1476183	0.06898551	4.473633	4.0641336	290000	1.7881394e-10	0.44159332	-1.83571e-05	-0.0007556677	0.019934881	0.0001436081	0.00146875	624.0	1334.2572212219238
145	2000.0	4.1716576	0.7824791	6.9945436	1.747304	4.162889	0.06682888	4.4496555	4.0744023	292000	2.384186e-10	0.4409349	7.3549154e-06	-0.0003065765	0.019765964	0.00010678572	0.0015576172	624.0	1343.4176006317139
146	2000.0	4.213192	0.7880532	6.286019	1.5722176	4.166138	0.07094769	4.510869	4.088128	294000	-8.940697e-10	0.45322195	2.3645165e-05	-0.0008122325	0.019625217	0.00016448736	0.002040039	624.0	1352.5835943222046
147	2000.0	4.108547	0.749309	6.4942203	1.945189	4.2252965	0.07402281	4.552354	4.1324043	296000	6.5565114e-10	0.41541094	6.0452523e-05	-0.002761066	0.019409837	0.00031266295	0.0034453126	624.0	1361.7496840953827
148	2000.0	4.108349	0.77498525	7.305611	1.6281551	4.17136	0.06600049	4.463331	4.0751963	298000	2.026558e-09	0.43278798	3.4019293e-05	-0.0016671121	0.019419365	0.00017961505	0.00196875	624.0	1370.9208824634552
149	2000.0	4.1064	0.7486817	5.9339733	1.7177117	4.124098	0.06706816	4.4516206	4.0422373	300000	-1.6689301e-09	0.42215684	8.91873e-05	-0.0007728934	0.019175258	0.00021717971	0.0024257812	624.0	1380.1172332763672
150	2000.0	4.196601	0.7413781	6.2256575	2.0079691	4.1200323	0.063849844	4.395204	4.042782	302000	-2.9802324e-11	0.41920152	3.1108261e-06	-0.0012854636	0.01891517	0.000105283674	0.0014882813	624.0	1389.3406076431274
151	2000.0	4.1374793	0.72478455	6.4193125	2.0731707	4.1366453	0.06740542	4.4351625	4.056199	304000	5.6624416e-10	0.40734345	3.8689494e-05	-0.00022929907	0.019057818	0.0001880286	0.0025009767	624.0	1398.5661082267761
152	2000.0	4.176193	0.79211485	6.5552745	1.6220498	4.1428823	0.06569682	4.431134	4.0655327	306000	-5.6624416e-10	0.43857992	7.360414e-05	-0.0005687475	0.018863179	0.00032893685	0.004786133	624.0	1407.821543931961
153	2000.0	4.154457	0.7565539	6.4767365	2.2417262	4.159667	0.07482612	4.491826	4.0545096	308000	-9.536744e-10	0.43373036	-5.626679e-08	-0.00034445524	0.018851459	0.00010796675	0.0013095703	624.0	1417.096039533615
154	2000.0	4.1341715	0.7137655	6.2985787	2.2462828	4.186861	0.06375607	4.473459	4.097303	310000	-8.940697e-11	0.41518795	2.59289e-05	-0.0017574131	0.018576296	0.00016720127	0.0018359375	624.0	1426.3620550632477
155	2000.0	4.086151	0.7522928	6.6165247	1.7317702	4.12908	0.06612231	4.4577665	4.049415	312000	-4.6193602e-10	0.43517542	9.02779e-05	-0.00021868944	0.018521009	0.0002740794	0.0044052736	624.0	1435.6338527202606
156	2000.0	4.1647015	0.74997884	6.6738744	1.9330636	4.092811	0.07097977	4.3754315	3.9901843	314000	1.9073487e-09	0.43538317	-9.845197e-06	-0.0020756423	0.018303188	9.988484e-05	0.0011445313	624.0	1444.9146194458008
157	2000.0	4.13441	0.7627019	6.6756496	1.9649619	4.141173	0.06499414	4.464453	4.052261	316000	5.6624416e-10	0.4278628	0.00016320306	0.00029549003	0.018389137	0.000257887	0.0039765625	624.0	1454.1878395080566
158	2000.0	4.098405	0.801834	6.789363	1.5060279	4.121581	0.05885353	4.4265656	4.0517383	318000	2.384186e-10	0.46606883	0.00012965543	-0.00031420588	0.01820553	0.00017026297	0.0022695311	624.0	1463.4574584960938
159	2000.0	4.1375084	0.75450623	6.158802	1.9789981	4.115057	0.07525947	4.4769363	4.014953	320000	4.1723253e-10	0.4252271	0.00013060578	-0.00026136637	0.017959954	0.00022681267	0.002834961	624.0	1472.7217230796814
160	2000.0	4.175988	0.71571386	6.1677704	1.6284001	4.1296616	0.06781448	4.462058	4.039262	322000	-7.003546e-10	0.41483256	3.750934e-05	-0.0007415712	0.017754277	0.0002367843	0.0030791017	624.0	1481.9864921569824
161	2000.0	4.1197357	0.74163604	6.4076223	1.9979534	4.1589994	0.06110337	4.422038	4.05592	324000	-9.536744e-10	0.42046425	0.00034002413	-0.00052049756	0.017757783	0.0004903639	0.006580078	624.0	1491.206154346466
162	2000.0	4.165819	0.7497684	6.378948	1.8140663	4.1313443	0.06580816	4.4400144	4.0403147	326000	-6.5565114e-10	0.43392023	6.881083e-05	-0.00035867095	0.017704045	0.00023913129	0.0026289062	624.0	1500.4020519256592
163	2000.0	4.1670136	0.78227615	6.819465	1.5824413	4.134915	0.062521696	4.398068	4.043664	328000	0.0	0.4473683	4.7935904e-05	-0.00020423532	0.017643133	0.00022807023	0.0030507813	624.0	1509.569349527359
164	2000.0	4.190584	0.74838936	6.524854	2.2561088	4.1490707	0.0733051	4.5168433	4.0308766	330000	-2.0861626e-10	0.42851353	4.5084627e-05	-0.00074997544	0.01743701	0.00019921285	0.0026679689	624.0	1518.7189753055573
165	2000.0	4.123292	0.71261895	6.096415	2.0682256	4.1580925	0.06753788	4.49004	4.075195	332000	-1.7881394e-10	0.39433473	0.00023961044	-0.0006338656	0.017627345	0.0003826491	0.005761719	624.0	1527.8651146888733
166	2000.0	4.1943007	0.7377331	6.184612	2.0769596	4.1288443	0.053411756	4.376575	4.0489807	334000	-8.3446505e-10	0.4187707	2.3311735e-05	-0.00060996413	0.017201938	0.00010180205	0.001296875	624.0	1536.9984576702118
167	2000.0	4.1159453	0.73247457	6.020641	1.9871488	4.1462226	0.06498198	4.453285	4.0438085	336000	1.192093e-09	0.4158172	9.393287e-05	-0.00035339594	0.017164558	0.00028155276	0.0026591797	624.0	1546.1451206207275
168	2000.0	4.122653	0.74708	6.1486697	1.8179206	4.1244016	0.05818415	4.4051967	4.0465994	338000	-1.15484e-09	0.4217004	4.404806e-06	-0.00043737888	0.017138062	0.00016784813	0.001868164	624.0	1555.2819118499756
169	2000.0	4.116458	0.76381034	6.5928135	1.8603394	4.1413755	0.06371643	4.4210706	4.0575943	340000	-7.785857e-10	0.4320187	0.00013815169	-0.00024357438	0.017262662	0.0003116486	0.0043330076	624.0	1564.4728682041168
170	2000.0	4.150047	0.7590931	6.386837	1.5318403	4.122386	0.056829244	4.3880167	4.039425	342000	3.7252904e-10	0.43598583	0.00012332246	-0.0006124377	0.017329257	0.00040016446	0.0054384763	624.0	1573.664915561676
171	2000.0	4.121561	0.7656946	6.319941	1.7174876	4.13516	0.07008699	4.433417	4.040201	344000	5.960465e-10	0.45098263	0.000111230824	0.000112205744	0.017095465	0.00015844835	0.0018408203	624.0	1582.8820552825928
172	2000.0	4.138031	0.7644297	6.504999	1.8016009	4.1089754	0.067340754	4.4188023	4.029946	346000	0.0	0.44365957	5.3149404e-05	0.0001552105	0.016868459	0.00013192197	0.0020332031	624.0	1592.1123521327972
173	2000.0	4.1332026	0.7456788	6.1647573	1.8995826	4.097382	0.0646597	4.3760066	4.0199366	348000	-4.768372e-10	0.42170978	0.00013315179	-0.0008135438	0.016764801	0.00033741147	0.00478125	624.0	1601.3526303768158
174	2000.0	4.118185	0.742723	6.4506006	2.0686636	4.105867	0.07233662	4.409963	3.9954233	350000	2.2649767e-09	0.40858957	0.00010389194	-0.0005046725	0.01694387	0.00015841867	0.0021279296	624.0	1610.6204626560211
175	2000.0	4.1359215	0.75458956	6.367936	1.577691	4.110374	0.06710256	4.4179916	4.0163026	352000	3.874302e-10	0.4148021	0.00013327792	-0.00082844496	0.016935013	0.00020774729	0.002564453	624.0	1619.8734192848206
176	2000.0	4.131836	0.73191786	6.8857713	2.0826921	4.1378903	0.06581715	4.4285216	4.050124	354000	6.705523e-10	0.42030972	9.050376e-05	-0.00018069148	0.016726375	0.00024348937	0.0031123047	624.0	1629.1195862293243
177	2000.0	4.193508	0.7429077	6.653528	2.3526123	4.1359773	0.07240124	4.4746375	4.026036	356000	-6.5565114e-10	0.42666844	-9.586156e-06	-0.0005763471	0.01628138	8.0546866e-05	0.001234375	624.0	1638.383165359497
178	2000.0	4.1755776	0.6967002	6.328893	2.472096	4.1407113	0.0625416	4.4111447	4.0508657	358000	7.003546e-10	0.40213308	0.00020384004	-0.00024855137	0.016627459	0.00033125706	0.0037167969	624.0	1647.633258342743
179	2000.0	4.1407185	0.7539348	6.2920775	2.0245624	4.172979	0.061447103	4.4738746	4.0851636	360000	5.3644184e-10	0.4305937	2.684176e-05	-0.00062841177	0.016400531	0.00013471172	0.001446289	624.0	1656.8994889259338
180	2000.0	4.15199	0.7509967	6.4811926	2.0458434	4.169402	0.062424794	4.4647784	4.0793633	362000	2.9802324e-10	0.42703488	0.000116828356	-0.00023704767	0.016375845	0.00021302892	0.0019375	624.0	1666.1954967975616
181	2000.0	4.1892967	0.7819995	6.8579893	2.0891004	4.17079	0.06691703	4.4564233	4.0683193	364000	-2.384186e-10	0.44347012	6.0443912e-05	-0.000119805336	0.016052445	0.00013083873	0.001765625	624.0	1675.4605121612549
182	2000.0	4.100273	0.74496865	6.15409	1.9411352	4.1785216	0.06950666	4.4950323	4.0883117	366000	1.9818545e-09	0.41701204	0.00014452328	-0.0028722286	0.016060708	0.00020414103	0.0019951172	624.0	1684.7040705680847
183	2000.0	4.125432	0.7515983	6.2405167	1.8083891	4.123959	0.072905265	4.461518	4.0254707	368000	6.705523e-10	0.42785192	-1.1834905e-05	0.0001449585	0.01584509	5.6784833e-05	0.00049121096	624.0	1693.935340642929
184	2000.0	4.196952	0.75165117	6.1070905	2.0626757	4.1069264	0.07651074	4.4628353	3.9999316	370000	-1.192093e-09	0.41695693	1.1600227e-05	-0.0035857558	0.015923955	8.01927e-05	0.0010898438	624.0	1703.1699540615082
185	2000.0	4.1163473	0.7483541	6.3899293	1.7919245	4.160023	0.068393804	4.444264	4.0541577	372000	1.1771918e-09	0.4196491	7.411957e-06	-0.0007253587	0.015888905	0.00014134066	0.0017216797	624.0	1712.3825514316559
186	2000.0	4.1524677	0.78060454	6.9228897	2.2636542	4.1496763	0.061844647	4.4045854	4.058385	374000	5.960465e-10	0.45291743	0.00035912334	-3.632903e-05	0.015713274	0.0006154109	0.007526367	624.0	1721.5498132705688
187	2000.0	4.1545725	0.7602317	6.669124	1.9765073	4.1618147	0.05955859	4.463987	4.0762	376000	-4.768372e-10	0.4261428	4.6315196e-05	-0.0010367334	0.015675021	0.00010740825	0.0010703125	624.0	1730.7447063922882
188	2000.0	4.1358886	0.7439874	5.8562117	1.9950296	4.148919	0.06964056	4.456605	4.04725	378000	2.384186e-10	0.40874186	2.3402215e-05	-0.00019359589	0.015646124	0.00014326023	0.0017529296	624.0	1739.9102709293365
189	2000.0	4.148488	0.7944871	6.41774	1.7811404	4.1273823	0.06854723	4.4557786	4.035753	380000	-1.0728837e-09	0.46222317	0.00010201383	-0.00033849478	0.015298024	0.000112369	0.0013427734	624.0	1749.0649480819702
190	2000.0	4.118264	0.75117046	6.6288652	1.6170062	4.14235	0.068777055	4.4681263	4.0469284	382000	-5.3644184e-10	0.43459556	-8.688927e-06	-0.00072965026	0.015463702	6.4973676e-05	0.0007207031	624.0	1758.3211286067963
191	2000.0	4.168486	0.73336905	6.6984525	2.1533582	4.1179557	0.06916364	4.404608	4.023017	384000	-3.874302e-10	0.4253347	4.8154714e-05	-0.00024145842	0.015462199	0.00019411654	0.0025947266	624.0	1767.464075088501
192	2000.0	4.0981874	0.78682154	6.392721	1.6861317	4.12285	0.07043705	4.4365897	4.0284805	386000	-7.5995926e-10	0.45084807	7.090808e-05	0.0003542602	0.015340081	0.0002727127	0.0036191407	624.0	1776.6259274482727
193	2000.0	4.107816	0.7322513	6.893798	1.5563374	4.0880513	0.06796094	4.4016705	3.9995778	388000	-5.3644184e-10	0.41346923	1.207918e-05	-0.00033411384	0.015000207	9.128775e-05	0.00083203125	624.0	1785.815383195877
194	2000.0	4.094579	0.7625601	6.567081	1.6069834	4.0999885	0.06286265	4.3502173	4.017587	390000	0.0	0.42214358	0.00026367296	-0.0001502037	0.015005486	0.00044755003	0.005723633	624.0	1795.0231590270996
195	2000.0	4.1331844	0.74121475	6.1939445	2.110224	4.130935	0.0659513	4.4346023	4.041854	392000	2.7567149e-10	0.4392658	3.097335e-05	-0.00024536252	0.0149653135	5.9425238e-05	0.0008378906	624.0	1804.2442371845245
196	2000.0	4.115239	0.7378492	6.8838677	2.295901	4.1490912	0.07644534	4.439583	4.0358634	394000	-2.9802324e-11	0.41717237	0.00019315322	-0.00081279874	0.014979412	0.000457758	0.0060029295	624.0	1813.458041191101
197	2000.0	4.157747	0.74533147	6.4086246	2.2346175	4.136441	0.05864185	4.4188523	4.058345	396000	2.9802324e-11	0.4099479	5.2569245e-05	-0.0009595752	0.01480504	0.00022394714	0.003053711	624.0	1822.653856754303
198	2000.0	4.111207	0.7722073	6.738609	1.5665407	4.169787	0.059447963	4.4297776	4.0821376	398000	-1.6093255e-09	0.44289404	2.5992455e-05	-0.0017393827	0.014891508	8.6155924e-05	0.00095605466	624.0	1831.8639750480652
199	2000.0	4.132842	0.77506375	6.443129	1.5735048	4.1439457	0.07185731	4.4842324	4.0428863	400000	-1.7881394e-10	0.43790892	-9.594113e-06	-0.0005978644	0.014715057	0.00010637958	0.0010341797	624.0	1841.064655303955
200	2000.0	4.1973295	0.78607327	6.360752	2.058798	4.1421537	0.07212025	4.4910784	4.039462	402000	3.129244e-10	0.44015875	3.8035858e-05	-0.0009121895	0.014663427	0.00020442656	0.0027089843	624.0	1850.2918388843536
201	2000.0	4.102562	0.7514714	6.564267	2.14572	4.1596994	0.069970064	4.468675	4.056892	404000	-6.5565114e-10	0.43096793	0.00042430655	-0.00072196126	0.014698384	0.00068786077	0.007408203	624.0	1859.5103831291199
202	2000.0	4.120039	0.78458446	6.4868503	1.3054975	4.111946	0.06356893	4.4090466	4.0184493	406000	1.0728837e-09	0.4500483	0.00019873184	-0.0005041361	0.014527572	0.00037106895	0.005180664	624.0	1868.699408531189
203	2000.0	4.107024	0.8253417	6.1830616	1.6352924	4.142304	0.06977597	4.4636226	4.0535374	408000	-1.0728837e-09	0.46653613	5.5749122e-05	-0.000192523	0.014513556	0.00010231348	0.0011396485	624.0	1877.892741203308
204	2000.0	4.133248	0.78162295	6.1264677	1.5487566	4.1432705	0.07518095	4.462505	4.0432696	410000	-2.6822092e-10	0.44374245	0.00022894127	-0.00035059452	0.01455816	0.00042373012	0.0045322264	624.0	1887.1796207427979
205	2000.0	4.115603	0.78625023	6.2749767	1.9818652	4.132836	0.07176162	4.479612	4.037958	412000	1.4901162e-10	0.4361652	1.0199845e-05	-0.0004159212	0.014317866	0.00012750502	0.0016308593	624.0	1896.360846042633
206	2000.0	4.1330442	0.7351837	6.506382	1.9840829	4.1160474	0.06747118	4.4347343	4.0245514	414000	0.0	0.42196116	0.00025635934	-0.00018072128	0.014401521	0.00043960894	0.005814453	624.0	1905.561356306076
207	2000.0	4.1348515	0.756168	6.925852	2.2812364	4.117989	0.065876454	4.4643164	4.0393033	416000	4.768372e-10	0.44138375	4.398537e-05	-0.0005683303	0.014366721	0.00012611886	0.0018740235	624.0	1914.7540674209595
208	2000.0	4.125926	0.76202804	6.280118	1.874744	4.12627	0.069961086	4.4668164	4.041787	418000	6.4074995e-10	0.43721926	5.23243e-05	-0.00045716763	0.014157493	0.00015512094	0.0021503905	624.0	1923.9604842662811
209	2000.0	4.125011	0.70921606	6.6223288	1.8227221	4.1087236	0.07129562	4.455016	4.0100904	420000	-7.1525574e-10	0.3903121	5.004086e-05	-0.00028797984	0.014493923	0.00019999634	0.0026435547	624.0	1933.172511100769
210	2000.0	4.146332	0.7844995	6.5322156	1.6016637	4.1223435	0.06390808	4.4142933	4.0281878	422000	-1.192093e-10	0.43866447	1.3535262e-05	-0.00032362342	0.01418179	0.00013958517	0.0019306641	624.0	1942.3964734077454
211	2000.0	4.1769385	0.71077275	6.495321	2.4340148	4.119455	0.06900084	4.423081	4.0288367	424000	-1.4901161e-09	0.4061154	2.4658026e-05	-0.0014975965	0.01414396	0.0001469342	0.0026318359	624.0	1951.6243646144867
212	2000.0	4.1329117	0.74914074	6.702752	2.0451505	4.1621337	0.06480906	4.475724	4.064157	426000	2.9802324e-11	0.41255718	-2.5509447e-05	-0.00051277876	0.014122597	0.00011660877	0.0012431641	624.0	1960.847894668579
213	2000.0	4.166205	0.7348467	6.3720737	2.0931153	4.137036	0.058401793	4.437065	4.054455	428000	1.8477441e-09	0.43214092	9.697044e-05	-0.00018432736	0.01418679	0.00017518469	0.0021708985	624.0	1970.0813779830933
214	2000.0	4.150775	0.7668681	7.1353803	1.9174564	4.153071	0.058258656	4.4152217	4.072548	430000	4.768372e-10	0.42986852	0.00013134992	-0.0002219677	0.014024884	0.00030357123	0.0043583983	624.0	1979.3208684921265
215	2000.0	4.18653	0.7831289	6.746463	1.9592906	4.146229	0.059161723	4.4332943	4.0679793	432000	1.2665987e-09	0.4407153	0.000104063816	-0.0011922121	0.014063837	0.0002387008	0.0028359375	624.0	1988.5577909946442
216	2000.0	4.1664376	0.757076	6.6734004	2.3116941	4.2017326	0.06471893	4.519449	4.115359	434000	7.1525574e-10	0.42729062	4.162392e-05	-0.0006057024	0.014011864	0.00018519684	0.0023027344	624.0	1997.7763922214508
217	2000.0	4.1572437	0.76573455	6.4229817	1.9919318	4.1832824	0.06278457	4.4685783	4.095599	436000	1.6242266e-09	0.42885447	7.977144e-05	-0.0005494058	0.013916993	0.00021488447	0.0033046876	624.0	2007.001209974289
218	2000.0	4.1109896	0.747046	6.2525287	1.782335	4.167677	0.06708193	4.439851	4.0742455	438000	7.1525574e-10	0.4180134	0.00015266461	-0.0005350709	0.014046104	0.00028275102	0.0031298827	624.0	2016.211303949356
219	2000.0	4.1156664	0.71334624	7.1146007	2.18463	4.166368	0.06663709	4.4765425	4.087881	440000	2.384186e-10	0.39822018	-9.362579e-06	-0.0013089478	0.013812171	7.996935e-05	0.00067675783	624.0	2025.4346973896027
220	2000.0	4.1792035	0.80572027	6.383665	1.8600243	4.133095	0.06404431	4.432481	4.0503545	442000	-9.536744e-10	0.45378715	3.568846e-05	-0.00041288137	0.013653427	9.640068e-05	0.0011357422	624.0	2034.663919210434
221	2000.0	4.116506	0.7691935	7.03529	1.9292985	4.175399	0.07098602	4.5207815	4.083237	444000	-1.3709069e-09	0.42781407	3.2415392e-06	-0.0010531247	0.013625374	7.504521e-05	0.0007421875	624.0	2043.8889496326447
222	2000.0	4.149024	0.7603036	6.9985085	2.1531205	4.1465144	0.062162384	4.464807	4.0683165	446000	-2.9802324e-10	0.41342548	-2.9212879e-05	1.3589859e-05	0.013444705	7.8915386e-05	0.0009072266	624.0	2053.1231853961945
223	2000.0	4.138446	0.73007655	6.4893146	2.1342118	4.1247993	0.067848444	4.416249	4.0331345	448000	-5.960465e-11	0.40871873	-2.0860732e-06	-0.000520736	0.013374816	7.175932e-05	0.00059765624	624.0	2062.3440234661102
224	2000.0	4.0612917	0.7518357	6.3519235	1.669159	4.1343026	0.062143184	4.3756895	4.0474834	450000	0.0	0.4174408	1.361698e-05	-0.001768291	0.013319549	0.00012576215	0.001953125	624.0	2071.5469329357147
225	2000.0	4.1640873	0.75520724	7.307736	1.5073735	4.098678	0.064334184	4.394731	4.0044417	452000	3.129244e-10	0.43160173	0.000103521874	-0.0012302697	0.013495942	0.0003539162	0.0044423826	624.0	2080.730232477188
226	2000.0	4.1239977	0.75119746	6.4294643	1.9999129	4.1542673	0.063747	4.444981	4.065491	454000	-4.1723253e-10	0.42493	4.3370488e-05	-0.00077834725	0.013547569	0.00014486031	0.0018164063	624.0	2089.919233083725
227	2000.0	4.1399612	0.7864546	6.4911366	2.2274342	4.13954	0.06558442	4.4557333	4.0585127	456000	5.960465e-10	0.44033286	5.0842464e-06	4.3958426e-05	0.013217045	0.00010293837	0.0009628906	624.0	2099.0964794158936
228	2000.0	4.1415296	0.79722875	6.3251715	1.6887292	4.1261506	0.07453625	4.4420323	4.021811	458000	-5.3644184e-10	0.4485462	3.9884628e-05	-0.0004748106	0.013434285	0.00013597764	0.0014111329	624.0	2108.29181265831
229	2000.0	4.1350546	0.74871576	6.3145304	2.0665348	4.1425414	0.070365205	4.471987	4.0554614	460000	-8.940697e-10	0.42421764	5.226356e-05	-0.00034070015	0.013514488	0.00022590821	0.002989258	624.0	2117.505499601364
230	2000.0	4.1516957	0.7745549	6.358756	1.8511984	4.135182	0.061385866	4.4129753	4.0564613	462000	-1.4901162e-10	0.42153028	-2.597651e-05	-0.0003182888	0.013313831	8.3512416e-05	0.0008574219	624.0	2126.72323513031
231	2000.0	4.126173	0.7527918	6.5597014	1.8630764	4.143825	0.06376712	4.442858	4.06551	464000	-3.2782557e-10	0.4175846	6.531021e-05	0.00028711557	0.01304725	0.00019023757	0.0022753906	624.0	2135.9555308818817
232	2000.0	4.1587954	0.74199986	6.644727	1.3104795	4.1287622	0.068533815	4.450767	4.0410514	466000	-5.960465e-11	0.42543915	0.00018158549	0.00029608607	0.013256082	0.00040110492	0.0042490233	624.0	2145.1978290081024
233	2000.0	4.109887	0.73580843	6.8356447	1.5361477	4.115538	0.06752759	4.4417214	4.0204816	468000	1.0430813e-10	0.4136564	2.3999395e-05	-0.00031718612	0.013340725	0.000103570965	0.0010917969	624.0	2154.4607446193695
234	2000.0	4.15146	0.7684203	6.1830473	1.9071923	4.107336	0.06945378	4.4312825	4.0322905	470000	-2.384186e-10	0.44994238	0.00013224942	-0.0011095405	0.013269684	0.00022413573	0.0027861327	624.0	2163.73042678833
235	2000.0	4.145015	0.73185104	6.235964	2.0909958	4.129556	0.06675099	4.427224	4.0385537	472000	-1.3113023e-09	0.41651613	3.857833e-05	-0.00032749772	0.013105065	0.0001905113	0.0022607422	624.0	2173.020045042038
236	2000.0	4.1850376	0.7465227	6.7103677	2.1600266	4.1342163	0.071972884	4.4315042	4.028031	474000	-3.5762787e-10	0.42525095	5.2670897e-05	-0.0009569824	0.013126312	0.00016755301	0.002274414	624.0	2182.2711338996887
237	2000.0	4.1345453	0.6988364	6.3861833	2.0497127	4.1596007	0.05627151	4.4343705	4.0827074	476000	-1.0728837e-09	0.38620973	0.00011215902	-0.00068220496	0.0130511625	0.00023639668	0.0026367188	624.0	2191.509061574936
238	2000.0	4.088792	0.7585419	6.860867	2.0395706	4.126471	0.06456659	4.4365845	4.0375433	478000	-5.960465e-10	0.42290005	3.984571e-06	-0.00038561225	0.012876585	0.00011169358	0.0014199219	624.0	2200.736258506775
239	2000.0	4.157233	0.76041025	6.380441	2.066933	4.120897	0.07016539	4.458761	4.030283	480000	2.9802324e-10	0.4345172	6.834565e-05	-0.00052028894	0.012885909	0.00025239584	0.0038076171	624.0	2209.970829963684
240	2000.0	4.123067	0.75958765	6.231034	2.1831415	4.1479306	0.06596673	4.444168	4.0546713	482000	3.5762787e-10	0.43345132	0.0001347244	0.00075668097	0.012808219	0.00034531543	0.0048251953	624.0	2219.1961212158203
241	2000.0	4.1645193	0.78515345	6.686247	2.0499108	4.11318	0.07483705	4.455948	4.022856	484000	3.5762787e-10	0.4440685	6.2009516e-05	-0.00022426248	0.013051689	0.00016634999	0.0023027344	624.0	2228.4126460552216
242	2000.0	4.1838107	0.7535659	6.8798413	2.1927826	4.143299	0.06650682	4.4520807	4.0558434	486000	-8.940697e-11	0.4246031	0.00011721752	-0.00045323372	0.012846264	0.00020200702	0.0028564453	624.0	2237.6540529727936
243	2000.0	4.1294045	0.75031126	6.5518174	2.0157816	4.173845	0.068327054	4.4936867	4.081636	488000	1.192093e-09	0.4170943	3.2856347e-05	-0.0016869605	0.012873739	0.000118821765	0.00165625	624.0	2246.861896753311
244	2000.0	4.131197	0.7790148	6.4667144	2.1136332	4.14122	0.0692875	4.489362	4.0559635	490000	-5.960465e-11	0.43507528	0.00010857338	0.0005156696	0.012904204	0.00020946951	0.0030673828	624.0	2256.0438849925995
245	2000.0	4.166915	0.7700891	6.484386	1.9637493	4.1696863	0.06961537	4.499827	4.0787754	492000	-1.7881394e-10	0.45280948	7.8262216e-05	-0.00033935905	0.012927732	0.00020416852	0.0022539063	624.0	2265.2273828983307
246	2000.0	4.120663	0.764073	6.803546	1.9278171	4.145044	0.07105586	4.4826474	4.0534472	494000	-1.3113023e-09	0.43865317	6.9405854e-05	-0.001101017	0.01291432	0.00018547801	0.0023154297	624.0	2274.4135258197784
247	2000.0	4.142591	0.7183224	6.7768884	2.0737207	4.1208405	0.07500908	4.419264	4.0199156	496000	-6.5565114e-10	0.40975022	4.5306715e-05	1.14142895e-05	0.012859498	0.00017726993	0.0024384765	624.0	2283.539968252182
248	2000.0	4.097928	0.73486596	6.049175	2.1853156	4.1682916	0.0604114	4.4253054	4.084148	498000	-3.5762787e-10	0.40170926	0.00011248164	-0.0022248924	0.012817296	0.00021768105	0.0034824219	624.0	2292.667695045471
249	2000.0	4.11549	0.77414525	6.3456693	1.6935847	4.132277	0.07149526	4.478547	4.040062	500000	-5.6624416e-10	0.42531037	0.00012909685	-0.00031462312	0.012697511	0.0002655251	0.0030107421	624.0	2301.8010659217834
250	2000.0	4.146651	0.7039143	6.1852098	1.8703883	4.11981	0.0696676	4.448163	4.0315604	502000	2.6822092e-10	0.40951142	0.00019881998	-0.0003530383	0.012641787	0.00040479863	0.0047421874	624.0	2310.962105035782
251	2000.0	4.19005	0.7580583	6.543689	1.8487576	4.1240406	0.06258452	4.421748	4.037464	504000	-4.768372e-10	0.4359092	4.745126e-05	-0.0009881556	0.012535176	0.00019073824	0.0026445312	624.0	2320.19296503067
252	2000.0	4.1817837	0.7874941	6.70657	1.9490652	4.1493435	0.074951805	4.4891834	4.047195	506000	2.2351743e-10	0.44825092	2.0351932e-05	-0.00043168664	0.012610579	7.8309306e-05	0.0010214844	624.0	2329.376078605652
253	2000.0	4.1403084	0.770924	6.0699406	1.3180563	4.1643105	0.06885288	4.505946	4.068859	508000	-5.6624416e-10	0.44474623	4.4435208e-05	-0.00037109852	0.012810175	0.00020078321	0.0023164062	624.0	2338.5779814720154
254	2000.0	4.097357	0.7895507	6.7472496	1.6985161	4.1284027	0.06136799	4.4608808	4.0503387	510000	-5.960465e-11	0.44504282	-1.6182184e-05	-0.0008678436	0.01261957	7.625235e-05	0.0008173828	624.0	2347.770759344101
255	2000.0	4.108838	0.7441623	6.5160875	2.0198295	4.119479	0.06743494	4.4457026	4.025792	512000	-5.960465e-10	0.4238523	1.7577173e-05	4.3213367e-05	0.012671059	0.00012634994	0.0018798828	624.0	2356.975266456604
256	2000.0	4.1093197	0.7767292	6.4083385	2.047092	4.0858808	0.065787554	4.3771305	3.9854562	514000	-1.4901161e-09	0.4468994	8.1231e-06	-0.00042769313	0.012652948	9.0741494e-05	0.0013671875	624.0	2366.18891787529
257	2000.0	4.154034	0.7855964	6.565981	1.4161264	4.0936465	0.069914624	4.3958473	3.9898956	516000	1.5497208e-09	0.43554837	-1.2581469e-05	-0.001159817	0.012546875	8.447004e-05	0.0012695312	624.0	2375.389355659485
258	2000.0	4.1117544	0.71151745	6.2404213	2.0356126	4.1206675	0.067901686	4.439374	4.0415006	518000	-8.3446505e-10	0.41220394	3.2621563e-05	-2.8818846e-05	0.012790141	0.00013926039	0.0018339844	624.0	2384.5907504558563
259	2000.0	4.133936	0.7380822	6.095951	1.9895924	4.096118	0.0685287	4.403554	4.001238	520000	5.3644184e-10	0.4039954	0.000111533765	-0.0003308952	0.012532611	0.00023407578	0.003725586	624.0	2393.794100522995
260	2000.0	4.1138487	0.70474035	6.1470637	1.9941332	4.092079	0.06401877	4.416668	4.0131574	522000	2.6524067e-09	0.40945813	5.821136e-05	0.0009915829	0.0124534555	0.00020792976	0.002303711	624.0	2403.0580534934998
261	2000.0	4.2044744	0.7500305	6.358442	1.6877502	4.071595	0.061966643	4.361959	3.9928122	524000	-2.384186e-10	0.42897663	0.00011770416	-0.0046291947	0.012504153	0.00023635008	0.0026494141	624.0	2412.2459502220154
262	2000.0	4.0556293	0.7582237	6.15217	2.0669734	4.1266274	0.06512108	4.4120007	4.0401473	526000	-2.2500755e-09	0.4216889	0.00016346388	-0.0022672117	0.0125692105	0.00022436073	0.0020117187	624.0	2421.47794008255
263	2000.0	4.1133785	0.79387844	6.7239633	1.7715439	4.0812716	0.06758393	4.406104	3.983747	528000	3.5762787e-10	0.44539198	-1.0976196e-05	-0.0006391704	0.012497031	0.0001050267	0.0012138672	624.0	2430.7033519744873
264	2000.0	4.190295	0.73799396	6.3112636	1.9459454	4.0973854	0.07006398	4.429049	4.0137577	530000	5.960465e-11	0.4080479	5.5320208e-05	-0.0017209351	0.012607269	0.00011646056	0.0017763672	624.0	2439.9303920269012
265	2000.0	4.1495667	0.7265652	6.559439	1.8495566	4.117312	0.0668091	4.410497	4.023504	532000	-4.768372e-10	0.41247445	0.0002187049	-0.000395298	0.012435014	0.00037727345	0.005180664	624.0	2449.135760784149
266	2000.0	4.133402	0.7567516	6.2904444	1.3670379	4.1233034	0.06550553	4.4163885	4.0490685	534000	-2.9802324e-10	0.41699404	5.9170965e-05	-0.00029149652	0.012415885	0.0001641018	0.0020507812	624.0	2458.3091218471527
267	2000.0	4.1553698	0.75830686	6.625592	1.5371034	4.1265726	0.06611791	4.3787737	4.024901	536000	-4.1723253e-10	0.4358212	0.000322355	-0.00075542927	0.0123323435	0.00049999246	0.0045712893	624.0	2467.4793372154236
268	2000.0	4.1871653	0.76394373	6.5750957	1.9065464	4.1411586	0.07254782	4.4686246	4.038685	538000	-3.5762787e-10	0.44041178	3.6450507e-05	-0.00093340874	0.012403212	0.00018046303	0.0021044922	624.0	2476.6419706344604
269	2000.0	4.141413	0.78152853	6.394022	1.8108748	4.1691027	0.065869726	4.48744	4.0759096	540000	-1.9073487e-09	0.45437008	0.000109764995	-0.00012814999	0.012269111	0.00020384432	0.0018457031	624.0	2485.791245698929
270	2000.0	4.1200113	0.7797909	6.5230093	1.9983655	4.18565	0.074711464	4.543448	4.084792	542000	-8.940697e-10	0.4359228	5.5021603e-05	-0.0017943084	0.012316978	0.00010603447	0.0013925781	624.0	2494.9710133075714
271	2000.0	4.133811	0.7422264	6.360633	1.6953012	4.1636715	0.069143414	4.458713	4.078414	544000	-3.2782557e-10	0.40529364	0.00012792688	9.119511e-05	0.012428194	0.0002531328	0.002629883	624.0	2504.154417514801
272	2000.0	4.0975194	0.7275198	6.337295	2.122402	4.106151	0.06664307	4.427248	4.0219455	546000	-4.768372e-10	0.40411317	5.2508476e-05	-0.00022983551	0.012508439	0.00016559669	0.0018046875	624.0	2513.337200164795
273	2000.0	4.126773	0.79841423	6.6327753	2.1082625	4.103658	0.06225069	4.3883286	4.0178576	548000	-2.6822092e-10	0.45311144	5.586529e-05	-0.0010399222	0.012429489	0.00016519526	0.0019941407	624.0	2522.525643348694
274	2000.0	4.1534843	0.78771126	6.080573	1.4328234	4.143528	0.07163126	4.475935	4.060442	550000	-1.192093e-10	0.42925557	1.244855e-05	-0.00047633052	0.012193749	9.9693025e-05	0.0011669922	624.0	2531.709309577942
275	2000.0	4.1726384	0.7359272	6.1607537	1.5388273	4.14496	0.073336124	4.480848	4.0418773	552000	5.960465e-10	0.4208679	2.8202177e-05	-0.0007430315	0.012427031	9.6791344e-05	0.0014375	624.0	2540.922111272812
276	2000.0	4.1326995	0.74978876	6.0027933	1.9998926	4.167029	0.061059397	4.4301567	4.0827017	554000	-1.192093e-10	0.42853758	9.137345e-05	-0.0003633201	0.012278471	0.00027171752	0.002885742	624.0	2550.125874519348
277	2000.0	4.179664	0.7310541	6.4386635	2.231781	4.164151	0.06749022	4.45278	4.0680637	556000	-5.960465e-10	0.427673	5.1524403e-05	0.0010493994	0.012502534	0.00018301056	0.0023671875	624.0	2559.332802772522
278	2000.0	4.119359	0.7629607	6.3937387	2.1357453	4.190251	0.059774026	4.4722967	4.114393	558000	1.3113023e-09	0.44077116	3.912449e-06	-0.0034604073	0.01226231	0.0001322979	0.0013349609	624.0	2568.5721130371094
279	2000.0	4.1684885	0.7532124	7.0560503	1.8949411	4.1159353	0.06152845	4.4042883	4.0347133	560000	-1.3709069e-09	0.44042853	6.1228486e-05	-0.0015524924	0.012277604	0.0002144833	0.0030136718	624.0	2577.783805847168
280	2000.0	4.1281433	0.74307746	6.513319	1.4213911	4.1580043	0.06601211	4.4649677	4.0716805	562000	0.0	0.40825117	4.955405e-05	-0.00028070807	0.012126874	0.000118094744	0.0014492187	624.0	2587.039906978607
281	2000.0	4.0852757	0.72691023	6.0946693	2.149329	4.157415	0.06713423	4.4633217	4.062596	564000	3.874302e-10	0.4256787	1.8555105e-05	-0.0017239451	0.012001563	0.00013747338	0.0021738282	624.0	2596.271474123001
282	2000.0	4.144699	0.76344955	6.3478646	1.8155248	4.1213202	0.06398568	4.4268055	4.0471916	566000	2.384186e-10	0.4370439	8.313358e-05	-0.0004402697	0.011972744	0.00018237015	0.0020263672	624.0	2605.505272626877
283	2000.0	4.1735735	0.75441104	6.2659016	1.9585843	4.131909	0.07125019	4.4607215	4.047678	568000	1.3709069e-09	0.43070525	9.341585e-05	-0.0007649064	0.011953721	0.00019482749	0.002548828	624.0	2614.7349741458893
284	2000.0	4.1420727	0.7439942	6.2488413	2.2076538	4.156313	0.06251766	4.459648	4.087268	570000	6.5565114e-10	0.41606522	0.00012959576	-0.00036162138	0.0117900865	0.00030666465	0.003654297	624.0	2623.986051797867
285	2000.0	4.1514034	0.75395226	6.8369384	1.9787469	4.158059	0.06284742	4.4659815	4.079523	572000	3.874302e-10	0.41525674	3.383339e-05	-0.00019094348	0.011651395	0.00016575963	0.0022373046	624.0	2633.193162202835
286	2000.0	4.052087	0.7547292	6.392761	1.5731506	4.1481485	0.06471373	4.4270077	4.0654407	574000	-6.8545347e-10	0.42956132	2.6610469e-05	-0.0030708313	0.011679788	0.00010888558	0.0018330078	624.0	2642.386758327484
287	2000.0	4.0913696	0.7414952	6.1897345	1.9007366	4.1004367	0.06431858	4.4004602	4.016416	576000	2.0861626e-10	0.42281416	5.014542e-05	-0.00015830994	0.011749735	0.00015420753	0.001991211	624.0	2651.57488656044
288	2000.0	4.1223645	0.7662846	6.6444893	2.0044878	4.107824	0.06441699	4.4343657	4.020284	578000	-1.6093255e-09	0.44776446	0.0001634521	-0.00015246868	0.01177172	0.00032731018	0.0038007812	624.0	2660.793582201004
289	2000.0	4.159655	0.75272596	6.334529	1.5666751	4.1133103	0.06268326	4.4581084	4.029784	580000	1.3411046e-10	0.43242007	8.445806e-05	-0.0012671053	0.011736539	0.00016332418	0.0025898437	624.0	2670.016415119171
290	2000.0	4.116288	0.734012	6.7673745	1.8625599	4.1394067	0.06973367	4.496261	4.0496716	582000	-4.0233136e-10	0.40703806	0.0001073913	-0.00038576126	0.01157633	0.0002267311	0.0029882812	624.0	2679.2671282291412
291	2000.0	4.095806	0.75226694	6.833988	1.9310249	4.1218114	0.06805537	4.449232	4.024671	584000	-1.3485552e-09	0.4349673	0.00012309242	-5.748868e-05	0.011754367	0.00018839796	0.0033759766	624.0	2688.5119853019714
292	2000.0	4.1798816	0.7606966	6.703172	2.1336312	4.1219273	0.06759365	4.437146	4.025274	586000	3.874302e-10	0.4305046	3.063551e-05	-0.00092205405	0.0114648845	0.00010816988	0.0013076172	624.0	2697.723652124405
293	2000.0	4.119197	0.7786908	6.5186424	1.8021791	4.1553235	0.056656882	4.420207	4.069591	588000	5.960465e-11	0.44540113	-4.0061415e-05	-0.0013204515	0.011629793	7.51098e-05	0.0006357422	624.0	2706.9179899692535
294	2000.0	4.119953	0.7578054	6.436297	1.713108	4.1330404	0.07127674	4.4566097	4.028821	590000	4.1723253e-10	0.42515883	4.0753643e-05	-7.9751015e-05	0.011548161	0.00012395642	0.0021855468	624.0	2716.1282675266266
295	2000.0	4.1496773	0.7564614	6.3291225	2.0725296	4.1459618	0.0639094	4.465972	4.0686326	592000	1.192093e-10	0.42040536	2.7089774e-05	4.8071146e-05	0.011571296	0.00014261088	0.0016376954	624.0	2725.3613629341125
296	2000.0	4.1452293	0.7691481	6.162572	2.1401138	4.156187	0.06673084	4.4580927	4.0631633	594000	6.92904e-10	0.4200235	0.00014499966	-0.000687778	0.0115257725	0.0002839143	0.0039697266	624.0	2734.5860245227814
297	2000.0	4.1949234	0.7661243	6.6849313	2.080063	4.147973	0.060862925	4.4382954	4.069767	596000	-5.960465e-10	0.44041207	0.00015853996	-0.0013012886	0.011542045	0.00028429567	0.0029189454	624.0	2743.814854860306
298	2000.0	4.1436887	0.73500544	6.5626044	1.9922708	4.166197	0.066867165	4.4376864	4.075829	598000	-3.7252906e-11	0.4194668	0.00013549709	-0.0009356737	0.011341919	0.0003341288	0.004006836	624.0	2753.060225725174
299	2000.0	4.223155	0.7908327	6.8138456	1.9297981	4.150905	0.061996356	4.4449096	4.063698	600000	0.0	0.44804487	0.00014686454	-0.0006955862	0.011348345	0.00029381	0.0032734375	624.0	2762.2880544662476
300	2000.0	4.142206	0.7764316	6.805132	2.0730858	4.1872516	0.06392467	4.5171657	4.1132507	602000	-7.1525574e-10	0.45576352	0.0002046491	-0.00067579746	0.011506567	0.0002648257	0.0034228517	624.0	2771.545347213745
301	2000.0	4.129255	0.7333488	6.8933444	1.6597717	4.1334476	0.06708956	4.4743166	4.054309	604000	1.4901162e-10	0.42100486	-2.488257e-05	2.9802322e-05	0.0114248535	4.809306e-05	0.0006757812	624.0	2780.7922053337097
302	2000.0	4.1187134	0.79240185	7.319043	1.992133	4.1222377	0.07284653	4.4564114	4.028553	606000	1.4305115e-09	0.4656801	0.000119364326	-0.00026255846	0.011527226	0.00030002298	0.0036630859	624.0	2790.050749540329
303	2000.0	4.1515055	0.759571	6.428325	2.1966035	4.1186824	0.076016255	4.4429016	4.0242677	608000	5.066395e-10	0.4178922	6.509149e-05	-0.0002784133	0.0116486875	0.00016587065	0.0020605468	624.0	2799.3057935237885
304	2000.0	4.1645517	0.76951927	6.337243	2.0997684	4.128426	0.063006766	4.4498377	4.0403605	610000	-8.940697e-11	0.4307527	1.2725279e-05	-0.0004852414	0.011377923	0.00013769364	0.0019433594	624.0	2808.5489666461945
305	2000.0	4.092498	0.71621937	6.5126486	2.3086474	4.1403527	0.06809942	4.459332	4.0470414	612000	1.5199185e-09	0.40492848	4.196284e-05	-0.00064885616	0.011555292	0.00012836454	0.001459961	624.0	2817.786494731903
306	2000.0	4.1109357	0.774675	6.4054003	1.629147	4.127966	0.06681462	4.4182	4.045105	614000	7.748604e-10	0.44469583	5.3318443e-05	-0.00039222836	0.011553894	0.00013885493	0.001944336	624.0	2827.007928133011
307	2000.0	4.135001	0.7426503	6.435917	1.8435043	4.1137743	0.068990596	4.4217	4.0187554	616000	3.5762787e-10	0.41357216	9.603912e-05	-0.00068214536	0.011601727	0.00022524812	0.0025966796	624.0	2836.1898465156555
308	2000.0	4.1095715	0.7806467	6.5865536	1.783007	4.1291385	0.062390674	4.4228034	4.02934	618000	1.3411046e-10	0.4430806	0.00021266792	-0.00024074316	0.011724219	0.00034070006	0.0040810546	624.0	2845.3671979904175
309	2000.0	4.1231194	0.7390174	6.5365415	1.9142779	4.1106563	0.07902257	4.4583836	4.0024204	620000	2.384186e-10	0.42238238	0.000115089126	-0.00049206614	0.011666627	0.00030766558	0.0034082031	624.0	2854.554182291031
310	2000.0	4.0984697	0.7530188	6.036647	1.9843748	4.105195	0.07020974	4.425984	4.016567	622000	-7.748604e-10	0.42776394	5.417413e-05	-0.00024059415	0.011546701	0.000106039035	0.0011708984	624.0	2863.743698120117
311	2000.0	4.172615	0.7709785	6.6650023	1.9612064	4.1028733	0.06125685	4.387398	4.021684	624000	-2.9802324e-10	0.43145713	6.9348906e-05	-0.0006469786	0.011576066	0.00029832384	0.0035722656	624.0	2872.947832584381
312	2000.0	4.1337757	0.77477854	6.7090235	2.0311718	4.137734	0.0692727	4.446503	4.0402517	626000	-4.1723253e-10	0.44788888	0.00022561695	-0.00029215217	0.011631127	0.0005187848	0.0056728516	624.0	2882.15189576149
313	2000.0	4.210367	0.77932984	6.899237	1.4259678	4.130495	0.057563417	4.4002123	4.0572066	628000	2.026558e-09	0.44096336	9.658337e-06	-0.002763927	0.011582151	0.00011862645	0.0013632813	624.0	2891.3684628009796
314	2000.0	4.061444	0.75575316	6.142389	1.7531077	4.1675644	0.06600036	4.464651	4.0768847	630000	1.4901161e-09	0.42380667	0.00012007374	-0.0038847327	0.011459832	0.00024750992	0.0037333984	624.0	2900.586532354355
315	2000.0	4.144688	0.77507126	6.7625637	2.2335877	4.0956144	0.06533445	4.4040337	4.010718	632000	8.940697e-10	0.4399192	1.1594832e-05	-0.0014070868	0.011530248	7.205281e-05	0.00071875	624.0	2909.8167147636414
316	2000.0	4.1023374	0.71118593	6.3679748	2.2181761	4.137612	0.060201183	4.4181056	4.054387	634000	6.4074995e-10	0.37116796	6.2780324e-05	-0.0005122423	0.011412753	0.0002147898	0.0028730468	624.0	2919.0587060451508
317	2000.0	4.2006435	0.751704	6.3447466	2.1166224	4.1270676	0.06685723	4.4446764	4.038489	636000	1.7285348e-09	0.42830887	0.0001662984	-0.0022498071	0.011669007	0.00024065624	0.003022461	624.0	2928.3018877506256
318	2000.0	4.148197	0.75649124	6.63963	2.1130018	4.179117	0.06316702	4.486655	4.098913	638000	-1.9669533e-09	0.43791956	0.00017608033	-0.0003296137	0.0114937425	0.00033543518	0.0023876952	624.0	2937.5272896289825
319	2000.0	4.1684275	0.7426543	6.575246	1.9191118	4.1595006	0.06982279	4.4514112	4.0662093	640000	1.4901161e-09	0.42029005	0.00013442046	-0.00059357285	0.011501134	0.00025732128	0.0030097656	624.0	2946.7996809482574
320	2000.0	4.1151094	0.7591667	6.1686025	2.2064404	4.178404	0.06650588	4.481156	4.1044326	642000	5.960465e-10	0.43115765	-2.4181604e-06	-0.0011595786	0.011423948	9.40607e-05	0.0015205079	624.0	2956.0719821453094
321	2000.0	4.209104	0.75307757	6.6801205	2.120853	4.1548777	0.06457392	4.4534802	4.0627117	644000	-3.5762787e-10	0.43305713	-3.059745e-06	-0.001232624	0.011292068	8.754025e-05	0.00082714844	624.0	2965.337574481964
322	2000.0	4.1093388	0.7392241	6.7486563	2.134283	4.184209	0.061800383	4.461838	4.1086125	646000	1.15484004e-10	0.42836112	0.000116739524	-0.002330035	0.0114142215	0.00026414578	0.0031503907	624.0	2974.612641096115
323	2000.0	4.1441145	0.76837534	6.268919	1.7778751	4.135123	0.069676	4.4586368	4.0301967	648000	8.3446505e-10	0.4480473	9.235546e-05	-0.00048410892	0.011310048	0.00020292144	0.0022089845	624.0	2983.889335632324
324	2000.0	4.1235075	0.7675295	6.4559984	2.032639	4.1453714	0.06737158	4.435891	4.0464134	650000	-7.1525574e-10	0.43430644	4.2994263e-05	-0.0004634261	0.011372196	0.00012677771	0.0011523437	624.0	2993.1585297584534
325	2000.0	4.1426253	0.7933035	6.8214564	2.044266	4.1317434	0.062252153	4.426797	4.0534453	652000	-2.9802324e-10	0.46069863	1.6107546e-05	-0.00017094612	0.011390451	0.00010637666	0.001625	624.0	3002.4256258010864
326	2000.0	4.1060357	0.7244629	6.1431108	2.026683	4.143588	0.06461251	4.442718	4.0621233	654000	-7.1525574e-10	0.41954002	1.4563799e-06	-0.0013714135	0.011282602	9.853717e-05	0.0012724609	624.0	3011.6902158260345
327	2000.0	4.1357584	0.69835424	6.0166965	2.3457763	4.1035466	0.06131954	4.384097	4.021089	656000	4.917383e-10	0.39950654	3.9177703e-05	-0.0010403097	0.011229567	0.00016598709	0.0024345703	624.0	3020.96262383461
328	2000.0	4.0907784	0.73324007	6.8579783	2.2095191	4.131004	0.06494377	4.4051075	4.0342035	658000	1.192093e-10	0.41478866	6.4353946e-05	-0.0008806586	0.011364916	0.00022333079	0.0033183594	624.0	3030.223886013031
329	2000.0	4.19833	0.7878079	6.954644	1.9823266	4.099766	0.058391407	4.367522	4.02525	660000	-1.3113023e-09	0.4731932	0.00014901448	-0.0050421655	0.0111325085	0.00015774074	0.0014248047	624.0	3039.467789173126
330	2000.0	4.1632533	0.7745997	6.9335203	1.9757713	4.1647778	0.069063544	4.4790363	4.08656	662000	4.768372e-10	0.4439749	9.497226e-06	-9.3728304e-05	0.011039773	0.000118815835	0.0015292969	624.0	3048.6917128562927
331	2000.0	4.170287	0.7431211	6.1406183	1.5374155	4.153639	0.07273097	4.46336	4.06059	664000	-1.7881394e-10	0.42029366	2.6732684e-07	-0.0004593134	0.011035204	7.5752316e-05	0.00097070314	624.0	3057.8918895721436
332	2000.0	4.183487	0.7573793	6.2492514	1.7519749	4.178205	0.06030539	4.482013	4.1010637	666000	1.7881394e-10	0.43033403	6.305122e-05	-0.00027745962	0.011211292	0.00016662666	0.0017939453	624.0	3067.1087651252747
333	2000.0	4.124426	0.74908876	6.287782	1.9380431	4.1927896	0.06987727	4.547107	4.1008244	668000	5.2154064e-10	0.41374588	0.00013527772	-0.0028003752	0.011030246	0.00026514544	0.003158203	624.0	3076.3418629169464
334	2000.0	4.132269	0.78053516	6.3041835	2.047367	4.1387258	0.06939107	4.428484	4.0479245	670000	8.3446505e-10	0.43422246	0.00029835748	-0.00035580993	0.011094366	0.00038777094	0.0040214844	624.0	3085.578842163086
335	2000.0	4.0979614	0.729246	6.2509823	2.1608496	4.1308722	0.073106825	4.445395	4.0380225	672000	5.3644184e-10	0.41152942	0.00014001955	-0.00058460236	0.011028802	0.00027401806	0.0026757813	624.0	3094.820160627365
336	2000.0	4.153465	0.75447285	6.33659	1.7898369	4.1108904	0.06869917	4.423384	4.012729	674000	2.1457673e-09	0.43496096	1.1507307e-05	-0.00012549758	0.011106099	0.0001052029	0.0010849609	624.0	3104.061302423477
337	2000.0	4.1194234	0.7582136	6.2722487	1.9211453	4.125838	0.069974564	4.471783	4.0274024	676000	-1.9073487e-09	0.43843633	5.8000438e-05	-0.00016400218	0.011051779	0.00014726144	0.0022685546	624.0	3113.3127794265747
338	2000.0	4.1451488	0.75828445	6.326899	2.007334	4.1402655	0.0712513	4.457043	4.0413804	678000	-1.192093e-10	0.42341998	2.6184442e-05	-4.515052e-05	0.01108175	0.00010678928	0.0011738281	624.0	3122.5778448581696
339	2000.0	4.1241226	0.71640104	6.0632014	2.2316155	4.1467724	0.0663275	4.4354877	4.0579853	680000	-1.4901162e-10	0.4182681	4.93846e-05	-0.00041872263	0.011063675	0.00019214033	0.00253125	624.0	3131.8751389980316
340	2000.0	4.1863546	0.7478644	6.178151	1.9048973	4.126522	0.06983145	4.47067	4.038767	682000	-1.013279e-09	0.4387642	3.1385367e-05	-0.0014635623	0.011099572	0.00014351442	0.0019658203	624.0	3141.1762216091156
341	2000.0	4.189343	0.7343759	6.3861895	1.970309	4.1666255	0.06710378	4.4601374	4.07369	684000	-8.046627e-10	0.41185763	9.7246535e-05	-0.00029549003	0.011020615	0.0001414187	0.0020742188	624.0	3150.465903043747
342	2000.0	4.1067305	0.7680207	6.0996413	1.7199329	4.168097	0.07079184	4.478875	4.079865	686000	-3.5762787e-10	0.437001	0.000105447	-0.0022105873	0.011006362	0.00019588097	0.0021894532	624.0	3159.7580950260162
343	2000.0	4.1847925	0.738498	6.265096	1.7081374	4.1348677	0.06990495	4.4481354	4.034515	688000	2.9802324e-10	0.43715116	0.00011705351	-0.00047448277	0.010989535	0.00029396237	0.0037783203	624.0	3169.0539906024933
344	2000.0	4.1157985	0.73033494	6.4326525	1.9710176	4.1641955	0.06349019	4.4758377	4.0800524	690000	-5.3644184e-10	0.41895258	5.3538683e-06	-0.00097581744	0.010881537	0.00010996653	0.0014580078	624.0	3178.3513326644897
345	2000.0	4.1710596	0.799714	6.2836547	1.5536702	4.1485834	0.06671226	4.4716926	4.0634847	692000	-9.834766e-10	0.44608498	5.0408544e-05	-0.00037670135	0.010895975	0.00016725351	0.0016953124	624.0	3187.65767621994
346	2000.0	4.1165333	0.7385797	6.3486443	2.2020228	4.1503406	0.062648565	4.4503665	4.0631995	694000	-8.940697e-10	0.41214156	7.4078605e-05	-0.00049975514	0.010791097	0.00014579306	0.0014707032	624.0	3196.9539802074432
347	2000.0	4.1610575	0.7280877	6.3899975	1.8536202	4.140874	0.05975029	4.4204273	4.058588	696000	1.4901162e-10	0.40424478	6.476528e-05	-0.0004092455	0.010856617	0.00018175479	0.0026035155	624.0	3206.236191511154
348	2000.0	4.1135483	0.7804181	6.4026685	1.7670554	4.160006	0.06424192	4.478253	4.069881	698000	-1.1324883e-09	0.45486066	0.00015534915	-0.0016825497	0.010645487	0.00031693568	0.0031728516	624.0	3215.490456342697
349	2000.0	4.1610675	0.7639457	6.421041	1.4849029	4.1207623	0.0715305	4.4281697	4.02341	700000	-1.3709069e-09	0.42884868	0.00017112875	0.00038436055	0.010692407	0.0003204533	0.0028173828	624.0	3224.7339029312134
350	2000.0	4.1029816	0.7381005	6.2010365	1.4576381	4.15527	0.06546669	4.4925833	4.0749526	702000	-9.685756e-10	0.41335574	4.0160954e-05	-0.0016090572	0.010876694	0.00012033753	0.0012724609	624.0	3233.9687099456787
351	2000.0	4.17998	0.8081225	6.3311124	1.780448	4.1137557	0.059749108	4.4010344	4.0313773	704000	-7.1525574e-10	0.44310266	-3.2239557e-06	-0.0019974709	0.010659698	8.821325e-05	0.0012109375	624.0	3243.1919569969177
352	2000.0	4.130602	0.73666984	6.270811	1.2994511	4.1414275	0.07057979	4.4811482	4.046162	706000	-1.192093e-10	0.41796482	0.00011496428	-9.775162e-06	0.010604689	0.00035326005	0.003399414	624.0	3252.4025247097015
353	2000.0	4.097099	0.75149095	6.0766473	1.687043	4.1555448	0.060115464	4.435533	4.0678496	708000	-2.384186e-10	0.43907094	2.506888e-05	-0.0020076632	0.0106049515	6.566658e-05	0.00066503906	624.0	3261.6281731128693
354	2000.0	4.1603866	0.7076273	6.2888455	2.0594828	4.105303	0.070568234	4.4207397	4.0037184	710000	-2.0861626e-10	0.39678115	5.348813e-05	-0.0007277727	0.0106307315	0.00015768236	0.0019091797	624.0	3270.8776721954346
355	2000.0	4.182316	0.77571726	6.4391985	2.0288255	4.1283636	0.06341544	4.422965	4.0463195	712000	3.5762787e-10	0.45153317	1.9203246e-05	0.00039184093	0.0106919315	0.00013347987	0.0016953124	624.0	3280.1203644275665
356	2000.0	4.157367	0.7802141	6.200146	1.7064946	4.1195946	0.07004755	4.4271054	4.0187407	714000	-1.013279e-09	0.4345155	7.028216e-05	-0.00069254637	0.010719796	0.0001517443	0.001958008	624.0	3289.375990152359
357	2000.0	4.151748	0.7124898	6.677469	2.082318	4.139183	0.06324357	4.4418406	4.053842	716000	-2.384186e-10	0.39863834	6.5592176e-05	-0.00041094422	0.010557591	0.00023818314	0.002995117	624.0	3298.6278138160706
358	2000.0	4.1687202	0.809888	6.550042	1.5240208	4.1583023	0.058401342	4.4505234	4.0742283	718000	2.384186e-10	0.46566886	7.733158e-05	-0.00044816732	0.01079868	0.00022500189	0.0030683593	624.0	3307.8953833580017
359	2000.0	4.1738176	0.7244116	6.2098513	1.7190572	4.168517	0.07986212	4.5112495	4.06783	720000	4.768372e-10	0.40657052	2.1596039e-05	4.8995018e-05	0.010715446	0.00011240455	0.0015419922	624.0	3317.188064098358
360	2000.0	4.1489754	0.7906048	6.999128	1.7768071	4.1514006	0.064609386	4.4682674	4.071935	722000	6.5565114e-10	0.45027146	0.00012411321	-0.0003375709	0.010591836	0.00028389637	0.0036738282	624.0	3326.5180406570435
361	2000.0	4.1672106	0.74756867	6.300752	1.969405	4.146197	0.066924065	4.484055	4.053444	724000	-1.4156104e-10	0.4342644	0.00031070187	-0.00013464689	0.010639796	0.00042218686	0.0055820313	624.0	3335.8452763557434
362	2000.0	4.1508045	0.8170896	6.674944	1.8890599	4.1603723	0.067356296	4.477665	4.061612	726000	7.82311e-10	0.4609388	3.261272e-05	-0.0005838573	0.01058495	0.00011576544	0.0015039062	624.0	3345.152740716934
363	2000.0	4.0792127	0.80784935	6.8000174	1.8444333	4.1433625	0.068250895	4.4497056	4.065507	728000	-1.192093e-09	0.44993588	1.2762547e-06	-0.0028723776	0.010618172	0.00011226938	0.0016142578	624.0	3354.451507329941
364	2000.0	4.0499473	0.74882084	6.263139	1.9755857	4.0948057	0.07816086	4.4643908	3.9900112	730000	5.960465e-11	0.41949424	9.618688e-05	-0.0008420944	0.010657104	0.00026794212	0.0032822266	624.0	3363.7544639110565
365	2000.0	4.1782556	0.78569216	6.616477	2.212856	4.089363	0.06654584	4.3993874	3.9977574	732000	-1.4901162e-10	0.44863	6.126079e-05	-0.0028868914	0.010561494	0.00013636201	0.0018974609	624.0	3373.052889108658
366	2000.0	4.181075	0.7467933	6.215221	2.0389967	4.155728	0.06891373	4.473085	4.0678115	734000	1.333654e-09	0.40601534	0.00010811763	-0.00020062923	0.010533199	0.00018342359	0.0031347657	624.0	3382.3435406684875
367	2000.0	4.1400566	0.7870617	6.4021034	2.0722158	4.15555	0.06911371	4.465802	4.067293	736000	1.192093e-10	0.4496415	1.3954506e-05	-0.00052669644	0.010472981	9.923668e-05	0.0011347656	624.0	3391.6392011642456
368	2000.0	4.155968	0.7252579	6.6538224	1.599012	4.13628	0.060007233	4.4461703	4.062462	738000	4.321337e-10	0.40646505	0.0001489635	-0.0005955398	0.0105592245	0.00025135046	0.003296875	624.0	3400.908797264099
369	2000.0	4.077664	0.7563484	6.776994	1.8583448	4.146707	0.069604434	4.4736905	4.054466	740000	6.8545347e-10	0.43286398	8.14226e-05	-0.0018186271	0.0106467875	0.0002459531	0.0030996094	624.0	3410.1599328517914
370	2000.0	4.1477633	0.7574917	6.44784	1.872415	4.1139064	0.055772927	4.3932667	4.0406804	742000	8.046627e-10	0.4260935	0.00014316307	-0.0012177527	0.010483219	0.0003428745	0.0037685547	624.0	3419.3869836330414
371	2000.0	4.108632	0.7457805	6.495711	2.0697565	4.1470356	0.065561086	4.434282	4.0596695	744000	-8.642674e-10	0.4312204	7.228479e-05	-0.00024014711	0.010587892	0.00021834463	0.0023466798	624.0	3428.5842854976654
372	2000.0	4.121592	0.73616296	5.9990363	1.5604616	4.1488266	0.061553694	4.473689	4.0762978	746000	-1.4901162e-11	0.4240412	0.00016448587	-8.299947e-05	0.010485732	0.00027689687	0.0032285156	624.0	3437.7858068943024
373	2000.0	4.142175	0.80135566	7.429436	2.2093685	4.134173	0.062804066	4.44758	4.063278	748000	6.258488e-10	0.4694873	6.590978e-05	-9.196997e-05	0.010528337	0.00016243999	0.0023623046	624.0	3447.0010583400726
374	2000.0	4.134965	0.7267432	6.0633783	1.9822321	4.1196356	0.0772594	4.4626713	4.0159254	750000	-2.0861626e-09	0.4143649	8.315671e-05	-0.00010544062	0.010525852	0.00023998426	0.0029609376	624.0	3456.2212977409363
375	2000.0	4.1508965	0.7546094	7.0709405	2.2948737	4.1355066	0.06774424	4.4805126	4.058873	752000	1.192093e-10	0.42101145	0.00018167043	1.7881393e-05	0.010535377	0.00023045203	0.0033261718	624.0	3465.4407896995544
376	2000.0	4.113433	0.6974822	6.4586196	2.2034752	4.132158	0.06982846	4.4782305	4.046522	754000	1.1324883e-09	0.40176716	8.069688e-05	-0.00080537796	0.010400084	0.00017224334	0.002336914	624.0	3474.6553015708923
377	2000.0	4.0988436	0.7475682	6.3750334	2.2361755	4.109813	0.06129376	4.4120536	4.031289	756000	6.5565114e-10	0.41839638	0.0003048579	-0.00011971593	0.010349617	0.00048217957	0.005932617	624.0	3483.87641954422
378	2000.0	4.112609	0.72755635	6.7852015	1.7550112	4.102065	0.07064701	4.395627	4.013387	758000	1.2740493e-09	0.42336962	-1.3200344e-06	-0.00075879693	0.010440702	0.0001250259	0.0012255859	624.0	3493.10067653656
379	2000.0	4.1913757	0.734564	6.120871	1.9399791	4.1139665	0.065793395	4.3914204	4.029829	760000	5.960465e-10	0.43006644	0.00010754441	-0.003152132	0.010444408	0.0002656664	0.0034130858	624.0	3502.3341779708862
380	2000.0	4.1603837	0.7656355	6.582823	1.8789977	4.1854343	0.05827686	4.4317703	4.0983386	762000	3.2410027e-10	0.43778697	0.00011176664	-0.0010818541	0.010361749	0.0001713703	0.0017939453	624.0	3511.5806097984314
381	2000.0	4.1834764	0.75162315	6.139118	1.888259	4.162389	0.06513239	4.4666953	4.0863595	764000	-2.384186e-10	0.42210156	0.00018110931	6.482005e-05	0.010313354	0.00027779274	0.0023955079	624.0	3520.8601083755493
382	2000.0	4.1257095	0.7775869	6.4019246	1.7904551	4.1794543	0.05380457	4.4327884	4.1106844	766000	3.5762787e-10	0.43677697	0.00010949934	-0.001221925	0.010159951	0.00017411828	0.0025507812	624.0	3530.0816838741302
383	2000.0	4.1315756	0.7728694	6.4750443	1.4778402	4.132897	0.06339895	4.4351516	4.057305	768000	5.7369476e-10	0.43029213	8.097359e-05	0.00044816732	0.010203766	0.00018685416	0.0030615234	624.0	3539.293539762497
384	2000.0	4.1530714	0.709326	6.6949215	2.0724776	4.1080117	0.064817026	4.3829036	4.0225077	770000	3.5762787e-10	0.38750267	0.00018579907	-0.0006284714	0.010108829	0.00034582525	0.0034580077	624.0	3548.5073642730713
385	2000.0	4.1771235	0.7292132	6.3913918	1.8148541	4.116142	0.06537128	4.4166284	4.0188794	772000	5.960465e-10	0.40805885	2.8937937e-05	-0.0011928976	0.009975368	0.00016597872	0.0017753906	624.0	3557.726191997528
386	2000.0	4.0900307	0.76829416	6.6354513	1.9926554	4.161312	0.064934336	4.4861493	4.077571	774000	5.3644184e-10	0.44599372	0.00020700447	-0.0025465786	0.009873829	0.000345537	0.003979492	624.0	3566.971544265747
387	2000.0	4.1501856	0.77521306	6.270221	2.015259	4.1085963	0.067289524	4.4149427	4.023325	776000	7.1525574e-10	0.44800508	9.005667e-05	-0.00076034665	0.009895681	0.000301816	0.0034804686	624.0	3576.196753025055
388	2000.0	4.1147904	0.7166906	6.2470646	2.204518	4.1508875	0.068583965	4.461024	4.0613155	778000	6.705523e-11	0.40215376	-2.0214127e-05	-0.00052523613	0.010106952	0.00012866565	0.0017832031	624.0	3585.403527021408
389	2000.0	4.1527076	0.75420195	6.5616245	2.0152783	4.1348767	0.07096906	4.4661803	4.0371985	780000	8.940697e-11	0.41854125	0.00016145973	-3.5256147e-05	0.009927916	0.00026234772	0.0030898438	624.0	3594.588851928711
390	2000.0	4.152587	0.718069	6.280573	2.2380586	4.133366	0.07284301	4.448262	4.041213	782000	3.5762787e-10	0.40529305	0.00016942853	0.0006122291	0.010127806	0.00026923983	0.002727539	624.0	3603.779412508011
391	2000.0	4.16101	0.7705271	6.6476426	1.8850279	4.178145	0.0640677	4.4868155	4.0992646	784000	8.046627e-10	0.43414256	-3.4296634e-05	-4.0590763e-05	0.009890401	5.3577747e-05	0.00074414065	624.0	3612.9644572734833
392	2000.0	4.154051	0.7392135	6.5857787	2.110318	4.1864223	0.07399459	4.503463	4.091531	786000	3.2782557e-10	0.4203025	8.290114e-05	-0.00028401613	0.010017034	0.00017368629	0.0021894532	624.0	3622.118111848831
393	2000.0	4.149215	0.79352105	6.437343	1.8130145	4.1861897	0.06276358	4.463527	4.102016	788000	-4.4703485e-10	0.45028746	0.0002304608	-0.00053185225	0.009975412	0.0004279428	0.004770508	624.0	3631.2870166301727
394	2000.0	4.0944123	0.7259524	6.2361417	2.0370243	4.1811285	0.066379644	4.509786	4.0980515	790000	-9.2387203e-10	0.40892026	0.00013720682	-0.0027451813	0.009971854	0.00022687764	0.0027138672	624.0	3640.492793560028
395	2000.0	4.156912	0.76422507	6.309464	2.1066022	4.143162	0.0701108	4.4540915	4.0536966	792000	-1.0877849e-09	0.42655534	2.7138041e-05	-0.00039115548	0.010034864	0.00015843031	0.0020097657	624.0	3649.6860058307648
396	2000.0	4.1534996	0.74351615	6.4711957	1.5081933	4.1563916	0.06599615	4.4553003	4.0657063	794000	-4.1723253e-10	0.41424012	7.07922e-05	-0.00016525388	0.009867254	0.00016725925	0.0021816406	624.0	3658.866697072983
397	2000.0	4.0869246	0.7483102	6.9468927	2.0961773	4.1685033	0.06939011	4.4845943	4.089042	796000	-7.1525574e-10	0.42260778	0.00014052773	-0.0034899116	0.010078573	0.00036234537	0.0029941406	624.0	3668.05544757843
398	2000.0	4.108042	0.76584685	6.801633	1.5101687	4.1119413	0.07383546	4.403853	4.0135036	798000	-1.0430813e-09	0.44391596	0.00016813456	-2.3275614e-05	0.009972874	0.0003727144	0.00315625	624.0	3677.236737012863
399	2000.0	4.1479836	0.7690154	6.518188	1.9900323	4.1434016	0.05776006	4.4099464	4.071711	800000	1.7881394e-10	0.4394274	2.7332055e-05	-0.00046688318	0.009888788	0.00015211923	0.0014873047	624.0	3686.4344596862793
