Epoch	EpLen	AvgRet	StdRet	MaxRet	MinRet	AvgVVals	StdVVals	MaxVVals	MinVVals	TotalEnvInteracts	LossPi	LossV	DeltaLossPi	DeltaLossV	Entropy	KL	ClipFrac	StopIter	Time
0	2000.0	0.10378882	0.37420365	1.6618618	-1.0558747	0.006735251	0.030223262	0.103183135	-0.06837006	2000	-2.8312208e-10	0.11611068	-0.007348327	-0.010737099	0.6880077	0.010436823	0.083464846	187.0	10.45843768119812
1	2000.0	0.3541464	0.48164392	2.3407397	-0.69452256	0.042310797	0.10831713	0.35844272	-0.16340551	4000	-6.8545347e-10	0.19412273	-0.0045087296	-0.029364184	0.6791448	0.010579275	0.06700195	620.0	21.18664264678955
2	2000.0	0.8330542	0.6488725	4.5098743	-0.58001924	0.20476706	0.10773199	0.5636853	0.03511481	6000	2.9802324e-11	0.43471047	-0.004408787	-0.11998969	0.6487265	0.008129547	0.09163281	624.0	31.61223554611206
3	2000.0	1.3320405	0.78278065	4.1326833	-0.62064964	0.5374116	0.107558794	0.90246785	0.38486025	8000	2.6822092e-10	0.66430205	-0.004032928	-0.19546801	0.6044176	0.005702906	0.08803711	624.0	42.32574963569641
4	2000.0	1.9366984	0.872783	5.081731	-0.15584187	0.9861104	0.10575694	1.3532214	0.8627998	10000	1.6391279e-10	0.90688705	-0.0037500013	-0.28885406	0.5564869	0.0037434674	0.009742675	624.0	52.6654167175293
5	2000.0	2.4281783	0.94226575	6.081955	-0.05625799	1.5197724	0.10421768	1.8564647	1.4010383	12000	3.129244e-10	0.9862652	-0.0031975547	-0.26696175	0.5101646	0.00475172	0.061257813	624.0	63.140665769577026
6	2000.0	2.9317327	1.0521817	6.5209975	0.071866155	2.0346704	0.101888336	2.356951	1.9306915	14000	-1.244247e-09	1.1218129	-0.0028129285	-0.26742417	0.46594194	0.0027832906	0.03548486	624.0	73.88065242767334
7	2000.0	3.4416585	1.0783999	6.9428363	0.41450348	2.5727854	0.10224247	2.940804	2.4684362	16000	-4.768372e-10	1.1392574	-0.002512418	-0.23422939	0.42223954	0.0028821458	0.051380858	624.0	84.21341896057129
8	2000.0	3.852923	1.0986931	7.7055216	0.38947654	3.050076	0.10238399	3.3886828	2.9516459	18000	8.940697e-10	1.1373836	-0.0022078424	-0.19296646	0.37553325	0.0020749355	0.02495459	624.0	94.55908846855164
9	2000.0	4.1389933	1.1461527	9.020623	0.9414059	3.4843023	0.09891848	3.8208177	3.3990762	20000	1.937151e-10	1.1191343	-0.0017891002	-0.1347413	0.3373686	0.0016978718	0.019494629	624.0	104.88185000419617
10	2000.0	4.480908	1.1196842	8.083338	0.990925	3.8492353	0.107471466	4.1598854	3.7491083	22000	9.685756e-10	1.1523395	-0.0012593146	-0.13315022	0.3011144	0.0011417406	0.018407227	624.0	115.26928615570068
11	2000.0	4.719885	1.1716291	8.319499	1.4944714	4.191186	0.09203828	4.4700413	4.1040516	24000	-3.3900144e-10	1.1351795	-0.001053046	-0.09060454	0.27233216	0.0007237463	0.0	624.0	125.74567317962646
12	2000.0	4.909473	1.2075036	9.083854	0.98625493	4.470753	0.09731374	4.7915792	4.3925266	26000	4.917383e-10	1.1272504	-0.00086697127	-0.069928646	0.25193754	0.0011529637	0.01955127	624.0	136.52976751327515
13	2000.0	4.968458	1.147532	8.91482	1.4166034	4.740428	0.10381887	5.0632334	4.650395	28000	-7.692725e-10	1.0217892	-0.0003937663	-0.017215729	0.23089145	0.0022507792	0.031635255	624.0	147.24510025978088
14	2000.0	5.220995	1.1479353	8.652654	1.5649785	4.8653703	0.105545655	5.190863	4.7679663	30000	-4.768372e-10	1.0879451	-0.0005241064	-0.04706669	0.20530578	0.00035343313	0.000484375	624.0	157.71408224105835
15	2000.0	5.3131957	1.1775646	9.021644	1.991528	5.0560784	0.09675824	5.346231	4.965075	32000	1.4156104e-10	1.065005	-0.0005005845	-0.025200963	0.19153939	0.00041549111	0.006730957	624.0	168.4739270210266
16	2000.0	5.3586893	1.1765047	8.607124	1.7741802	5.1840057	0.09725709	5.4790325	5.0952516	34000	-3.6507847e-10	1.021941	-0.0004302526	-0.0078002214	0.17531614	0.0004020156	0.0058081057	624.0	178.9337956905365
17	2000.0	5.4571257	1.1961492	9.803242	1.579571	5.293013	0.08565369	5.5645037	5.2149353	36000	-2.9802324e-11	1.0995573	-0.0002935201	-0.011710763	0.16036254	0.0007700073	0.0015463867	624.0	189.65055990219116
18	2000.0	5.4617853	1.2054144	8.936581	1.9679526	5.3965263	0.09094593	5.6624403	5.3008733	38000	2.2351743e-10	1.0665808	-0.00021058558	-0.00018799305	0.15368396	0.0002901516	0.004401367	624.0	200.05271196365356
19	2000.0	5.5350857	1.2298509	9.324694	1.483772	5.4424458	0.10059806	5.698169	5.3463087	40000	3.091991e-10	1.1191245	-0.0002551702	-0.002978444	0.14310378	0.0008699125	0.0051611327	624.0	210.80530953407288
20	2000.0	5.6229753	1.2141286	9.354647	2.0061088	5.5166655	0.100934446	5.8045497	5.419082	42000	5.6624416e-10	1.126305	-0.00017433162	-0.0041412115	0.1328908	0.00043879304	0.0047402345	624.0	221.20761966705322
21	2000.0	5.6222878	1.2428209	9.809278	1.4168991	5.5611773	0.107096575	5.8742404	5.4576073	44000	4.4703485e-10	1.0883398	-9.679258e-05	-0.0014930964	0.12277065	0.0003141737	0.0030830079	624.0	231.55164861679077
22	2000.0	5.682152	1.1882305	9.443977	1.9620188	5.605134	0.08757581	5.862924	5.5316296	46000	-4.0233136e-10	1.0829853	-0.00013892495	-0.0025537014	0.11525294	0.0005344562	0.0008447266	624.0	241.95633745193481
23	2000.0	5.696487	1.1949176	10.309289	1.4841505	5.650734	0.0785375	5.890263	5.583293	48000	-1.1324883e-09	1.0711709	-0.000105944426	-0.000700593	0.10857542	0.00038243382	0.0	624.0	252.69145917892456
24	2000.0	5.644904	1.2553983	9.510364	2.0230772	5.6935472	0.09917797	6.000363	5.608796	50000	2.2351742e-11	1.1146111	-5.169052e-05	-0.00040125847	0.10490049	0.00047687432	0.005408203	624.0	263.12917470932007
25	2000.0	5.698361	1.1802806	9.290032	1.6501791	5.6366143	0.08221576	5.9092	5.557222	52000	-5.3644184e-10	1.0486114	-0.0001127182	-0.0016958714	0.100227	0.00035105553	0.0010737304	624.0	273.8879466056824
26	2000.0	5.8087053	1.2015048	10.3254385	2.5930948	5.7141423	0.08976162	5.9976015	5.6369767	54000	8.195639e-10	1.1085491	-2.5955233e-05	-0.0020076036	0.09431141	0.0007697204	0.010757324	624.0	284.1965591907501
27	2000.0	5.749051	1.2338356	9.916902	2.135793	5.747675	0.09010429	6.014568	5.6648207	56000	-2.771616e-09	1.1311163	-7.177237e-05	0.0016897917	0.08997742	6.467716e-05	0.00027978516	624.0	294.51751732826233
28	2000.0	5.803645	1.2611365	10.110503	1.9946898	5.7173996	0.10560454	6.047023	5.6312833	58000	-1.3150275e-09	1.1601752	-5.5357643e-05	-0.0019087791	0.08570821	0.00050249754	0.0035859374	624.0	304.888879776001
29	2000.0	5.763904	1.1935889	10.442157	2.4261909	5.775294	0.113961965	6.1018567	5.674579	60000	-1.013279e-09	1.0937269	-4.4286073e-05	-0.001090169	0.081767485	0.00032439356	0.0035307617	624.0	315.340336561203
30	2000.0	5.809295	1.2040247	9.681922	2.0276167	5.753848	0.09254473	6.0370398	5.668831	62000	3.2782557e-10	1.1101218	4.3565036e-05	-0.002033949	0.07765669	0.0007216632	0.0076694335	624.0	326.17385959625244
31	2000.0	5.8072352	1.2200956	9.978965	1.6164223	5.805168	0.086735494	6.0738926	5.731353	64000	4.2468312e-10	1.0989468	-4.3646443e-05	-5.543232e-05	0.07561287	5.723494e-05	0.00015527343	624.0	336.96107387542725
32	2000.0	5.852021	1.2009902	9.776633	2.0449958	5.803967	0.091607824	6.075905	5.727361	66000	2.0489098e-11	1.0830194	-3.3875138e-05	-0.00073707104	0.07423146	6.0512215e-05	0.00027294923	624.0	347.6763412952423
33	2000.0	5.843322	1.2431192	10.580796	1.9091238	5.8322525	0.08962405	6.1060576	5.7485085	68000	-1.7881394e-10	1.1482507	-3.8276765e-05	-0.00021851063	0.071328275	0.00010759083	0.00010302734	624.0	358.11421966552734
34	2000.0	5.8943396	1.2374132	9.654339	1.4828559	5.848779	0.10190713	6.151315	5.760379	70000	-6.258488e-10	1.1132603	-4.1140796e-05	-0.0009804964	0.06987454	5.9875118e-05	0.0	624.0	368.93042969703674
35	2000.0	5.8004656	1.2828089	10.57321	1.9916053	5.868595	0.093099356	6.129816	5.790435	72000	3.2782557e-10	1.1566522	2.5456087e-05	-0.0014789104	0.06769068	0.0005867875	0.0083125	624.0	379.7021977901459
36	2000.0	5.8545065	1.2155575	9.69687	1.9617995	5.813453	0.11031235	6.1210036	5.7132344	74000	-2.8312208e-10	1.0814981	2.8955059e-05	-0.0005619526	0.06539871	0.00048123102	0.006341309	624.0	390.1251218318939
37	2000.0	5.7978525	1.2369894	10.081906	2.0128438	5.834763	0.084258266	6.082022	5.7536893	76000	-2.8312208e-10	1.1261932	-2.828256e-05	-0.0002874136	0.06399064	0.00017809693	0.0009794922	624.0	400.9443383216858
38	2000.0	5.7888155	1.189948	9.612939	0.92801577	5.82628	0.101243466	6.1139913	5.7346044	78000	-1.5720726e-09	1.0573744	-2.8912642e-05	-0.0005147457	0.061488234	0.00033470773	0.00029345704	624.0	411.7713782787323
39	2000.0	5.7706175	1.1742773	9.362273	2.367973	5.7992754	0.08090369	6.0619593	5.7306886	80000	3.2782557e-10	1.0774674	-2.3867326e-05	0.00057673454	0.060702194	0.00025041561	4.785156e-05	624.0	422.52483773231506
40	2000.0	5.8540354	1.2534498	9.623532	2.1456006	5.817192	0.090197355	6.0911484	5.7346034	82000	-2.9802324e-11	1.1301762	-2.1749513e-05	0.0008119345	0.05945533	4.7295827e-05	0.00011816406	624.0	432.85750102996826
41	2000.0	5.8515716	1.2049856	10.462393	2.1508226	5.8042097	0.095346294	6.06505	5.705954	84000	-1.937151e-10	1.1060479	2.5332696e-05	-0.0006610155	0.0577073	0.0003177055	0.0028896485	624.0	443.2402493953705
42	2000.0	5.806756	1.2304144	9.431755	1.5414989	5.8334026	0.088130124	6.11443	5.749801	86000	4.4703485e-10	1.1212806	-1.3613761e-05	0.0004005432	0.05773565	9.997148e-05	0.00041064454	624.0	453.686026096344
43	2000.0	5.8117228	1.2139148	9.342281	2.1098464	5.844136	0.1041398	6.1431212	5.7403555	88000	-2.2724272e-10	1.0877677	-1.6908822e-05	-0.000756979	0.05565903	5.321842e-05	5.5664063e-05	624.0	464.49434423446655
44	2000.0	5.8332896	1.2078174	9.134079	1.9938709	5.80577	0.09683498	6.1074114	5.727544	90000	-2.9802324e-10	1.0933921	-7.6320175e-06	-0.00044035912	0.053935587	5.450149e-05	0.0	624.0	475.20882534980774
45	2000.0	5.9245844	1.200693	9.583182	1.9437526	5.8391376	0.08949632	6.1249404	5.7712317	92000	4.321337e-10	1.1037709	9.436533e-06	-0.0032855272	0.052811343	0.00039175592	0.004000488	624.0	485.4848005771637
46	2000.0	5.8068495	1.19459	9.000869	1.5859523	5.912797	0.07889247	6.166686	5.844138	94000	3.501773e-10	1.1002992	-4.8903303e-06	-0.005041003	0.05275759	0.0004013535	0.0034560547	624.0	495.94586873054504
47	2000.0	5.8336153	1.2307817	9.497891	1.7982959	5.850514	0.1065989	6.1574636	5.753041	96000	-8.940697e-10	1.1200756	-1.6071499e-06	-0.00083363056	0.05214768	0.0002550572	0.00014648438	624.0	506.70956325531006
48	2000.0	5.8674383	1.168067	9.927535	2.4870548	5.832588	0.09135781	6.1002135	5.748192	98000	-6.5565114e-10	1.0592932	-2.0041466e-06	-0.0010415316	0.05124455	0.00019194822	0.00012890625	624.0	517.156551361084
49	2000.0	5.8844566	1.1940048	9.169914	2.3044426	5.862205	0.10338422	6.1343374	5.7611475	100000	-2.0861626e-10	1.072864	4.641235e-06	0.00018298626	0.050462313	9.830467e-05	0.00057617185	624.0	527.8635654449463
50	2000.0	5.8048844	1.2104032	9.77811	1.5585873	5.902156	0.09909486	6.1936903	5.8196154	102000	6.0349703e-10	1.1489949	-1.789441e-05	-0.0026677847	0.049892314	0.00024368876	0.0010395508	624.0	538.2469575405121
51	2000.0	5.784669	1.1805754	9.821871	2.153307	5.855048	0.09720128	6.144785	5.766377	104000	-1.4901162e-11	1.0759344	-1.00602365e-05	-0.0021355152	0.04784527	3.3953263e-05	1.4648438e-06	624.0	549.0501480102539
52	2000.0	5.829415	1.2072775	10.944481	1.9605981	5.798013	0.09773446	6.101622	5.7111425	106000	-3.5762787e-10	1.1138434	1.8963696e-05	0.00027632713	0.047522448	0.00013320598	0.00085839845	624.0	559.8794877529144
53	2000.0	5.921658	1.1790097	9.406775	1.9681991	5.8270493	0.09640439	6.123956	5.7412853	108000	9.834766e-10	1.0716747	2.2838474e-05	-0.0021119118	0.047040854	0.00021011604	0.0012451172	624.0	570.6768443584442
54	2000.0	5.874694	1.2405914	9.898148	2.074092	5.916141	0.0898384	6.1896954	5.8366914	110000	5.5879357e-10	1.1179092	-6.6560438e-06	0.0015304089	0.045837097	0.00022516571	0.0010644532	624.0	581.3543267250061
55	2000.0	5.895339	1.2353357	9.809986	2.286869	5.9351254	0.10868801	6.2396655	5.8423724	112000	4.4703485e-10	1.1357304	-7.989169e-06	-0.00040125847	0.04462223	0.000106929	3.125e-05	624.0	591.7943472862244
56	2000.0	5.8278794	1.1901488	9.843521	2.0346591	5.912188	0.10840225	6.238331	5.8249288	114000	-2.9802324e-10	1.0974766	-5.949617e-06	-0.0015192032	0.044216596	0.00011306122	2.9785157e-05	624.0	602.4873025417328
57	2000.0	5.77138	1.2074224	9.617488	1.9434524	5.894403	0.09519	6.162928	5.80618	116000	4.1723253e-10	1.105764	-2.453308e-05	-0.0039281845	0.043068387	0.00022785942	0.00021972656	624.0	612.9145848751068
58	2000.0	5.8452215	1.2557917	9.668369	2.435751	5.8405747	0.08596292	6.100094	5.763418	118000	-3.5762787e-10	1.1284077	5.596477e-05	-5.0783157e-05	0.0420144	0.00040629102	0.0052617188	624.0	623.6770889759064
59	2000.0	5.824197	1.2023011	9.604685	1.9443201	5.834577	0.08745498	6.0973787	5.7628984	120000	-1.937151e-10	1.1218224	6.278485e-06	-0.00023913383	0.04085088	0.00012837411	0.0	624.0	633.9737153053284
60	2000.0	5.8842354	1.1892372	9.48613	1.5371494	5.8365164	0.096332155	6.113838	5.7521176	122000	-3.7252906e-11	1.0617396	3.091266e-05	-0.0016932487	0.041098125	0.00020941699	0.0014624023	624.0	644.2699739933014
61	2000.0	5.8112574	1.2555405	10.054961	2.4093416	5.887966	0.09546372	6.1703467	5.803808	124000	-3.5762787e-10	1.1362017	-7.2354084e-07	-0.0015239716	0.040752135	2.3700724e-05	3.125e-05	624.0	654.5535085201263
62	2000.0	5.814172	1.2336391	9.637336	2.3781767	5.8311734	0.10678996	6.156873	5.7394524	126000	1.8626452e-10	1.1104951	-1.6184635e-05	0.0006712675	0.039973058	0.00016942699	0.00095410156	624.0	664.9763820171356
63	2000.0	5.8763123	1.2181633	10.185855	2.201085	5.767032	0.10983573	6.0686436	5.6651263	128000	2.384186e-10	1.1137133	-7.1513355e-06	-0.004082322	0.03913142	0.00014503693	0.0010454102	624.0	675.7774214744568
64	2000.0	5.9301972	1.2267494	10.312914	2.4358625	5.807571	0.08809499	6.08937	5.7342124	130000	-5.960465e-10	1.1387675	1.3272912e-05	-0.0047752857	0.039247714	0.00017924907	0.00095703127	624.0	686.2147760391235
65	2000.0	5.879455	1.1849623	10.095024	2.0958188	5.886213	0.10297292	6.190018	5.795126	132000	1.2516976e-09	1.0891263	-1.7693342e-06	-4.1484833e-05	0.03872031	2.3142302e-05	1.0253906e-05	624.0	696.9939002990723
66	2000.0	5.8550863	1.1893646	9.2054615	2.4783168	5.894073	0.095844425	6.1569004	5.803222	134000	5.3644184e-10	1.0973992	1.2578696e-05	-0.0004234314	0.038216725	0.00012354602	0.0008198242	624.0	707.7047593593597
67	2000.0	5.8508906	1.20189	10.410273	1.6679498	5.887798	0.09443274	6.156192	5.8050013	136000	-7.003546e-10	1.099551	8.979785e-05	-0.00011229515	0.03727622	0.0005151146	0.009329102	624.0	718.1449518203735
68	2000.0	5.866288	1.2149981	10.270042	1.9743818	5.850264	0.10616522	6.142297	5.749749	138000	-5.960465e-11	1.1065029	2.6557149e-05	-0.00036633015	0.036239583	0.00037849243	0.006819824	624.0	728.9120807647705
69	2000.0	5.850376	1.2700474	9.963093	1.5026664	5.8277445	0.09682808	6.1192045	5.744195	140000	-1.0915101e-09	1.1542476	1.298409e-06	-5.698204e-05	0.035446193	0.00015813063	0.00045947265	624.0	739.3425891399384
70	2000.0	5.8103704	1.232712	9.852262	1.96082	5.831801	0.093607135	6.115451	5.7566757	142000	-9.536744e-10	1.1346364	-1.1480392e-05	0.000119805336	0.03472938	5.5659315e-05	2.0507812e-05	624.0	749.7795505523682
71	2000.0	5.852947	1.2602167	9.520807	1.9411784	5.8108487	0.088715956	6.0626664	5.7311387	144000	-4.4703485e-10	1.1476694	7.443228e-05	-7.748604e-06	0.033650365	0.00036009963	0.005819824	624.0	760.4346442222595
72	2000.0	5.850319	1.2144843	9.141204	2.4151049	5.8422375	0.08609737	6.0897164	5.7642035	146000	-5.960465e-11	1.1164523	-7.093132e-06	8.189678e-05	0.032914415	1.1772473e-05	6.3476564e-06	624.0	770.7620511054993
73	2000.0	5.812105	1.1855153	9.363714	1.7965893	5.849584	0.09141232	6.124423	5.7727704	148000	6.705523e-10	1.0774608	-2.0028504e-06	-0.0003632307	0.032291505	0.000113078255	0.00036279295	624.0	781.5570302009583
74	2000.0	5.863217	1.1891696	9.653728	2.0735912	5.8406525	0.08320761	6.0847807	5.760241	150000	1.4454127e-09	1.0587617	7.7643995e-07	-0.00010967255	0.031407136	8.3723666e-05	1.2695313e-05	624.0	792.3871827125549
75	2000.0	5.8463182	1.2610672	9.762944	1.8535047	5.8391104	0.10059156	6.135092	5.7486615	152000	2.0116568e-10	1.1368631	-1.2829393e-05	0.001396656	0.03115569	2.0659536e-05	6.347656e-05	624.0	803.159707069397
76	2000.0	5.900125	1.1613756	9.967357	2.5352747	5.898276	0.08966607	6.1478415	5.81869	154000	5.066395e-10	1.1095588	2.9081705e-06	0.0007008314	0.030484462	1.0022293e-05	6.0546874e-05	624.0	813.5541713237762
77	2000.0	5.87459	1.2234348	9.948349	2.2743936	5.935097	0.07560317	6.166507	5.8669763	156000	2.9802324e-11	1.1140556	-2.1768183e-05	-0.00087189674	0.030261599	8.078129e-05	0.0	624.0	824.2753040790558
78	2000.0	5.8632164	1.2468151	9.728838	2.2663922	5.9132533	0.09887496	6.2000184	5.8340616	158000	3.2782557e-10	1.1174142	-2.1858814e-06	-0.00065493584	0.030237272	0.00014432009	4.8339843e-05	624.0	834.6428081989288
79	2000.0	5.8646307	1.285433	10.608761	1.6355516	5.861048	0.10295062	6.1369143	5.761985	160000	1.7881394e-10	1.1667342	2.5065588e-05	-0.0005322695	0.02957374	0.00028116247	0.005355469	624.0	845.0075919628143
80	2000.0	5.911089	1.1715819	9.566824	2.662522	5.8624935	0.110993706	6.179559	5.768037	162000	-7.748604e-10	1.0879952	5.9290533e-06	7.271767e-05	0.02909413	0.00013038272	0.00020605468	624.0	855.4048039913177
81	2000.0	5.841525	1.1919212	9.622023	1.9079536	5.922371	0.09302161	6.1964912	5.8379765	164000	5.2154064e-10	1.0582659	-1.9869954e-07	-0.0021309853	0.028554263	5.2128118e-05	0.00014111328	624.0	865.8153870105743
82	2000.0	5.830083	1.1723362	10.578534	1.9512528	5.8710003	0.08868008	6.1366243	5.7916107	166000	1.7881394e-10	1.0310338	2.9615464e-06	-0.0009826422	0.028294824	0.00013841507	4.882813e-07	624.0	876.4828176498413
83	2000.0	5.888608	1.1591042	9.658011	1.9473596	5.844263	0.09521997	6.13488	5.7674036	168000	4.4703485e-10	1.063526	8.82776e-05	-0.00012302399	0.028252956	0.00037010986	0.0065854494	624.0	886.8025002479553
84	2000.0	5.8909163	1.2190527	10.0236635	1.5173856	5.842943	0.09160127	6.1187897	5.7582026	170000	-3.2782557e-10	1.1147642	3.5883488e-06	-0.0012357235	0.02771001	9.594164e-05	0.0008388672	624.0	897.1955041885376
85	2000.0	5.868532	1.1536766	10.068195	2.167454	5.8907433	0.101326	6.198682	5.799547	172000	-5.6624416e-10	1.056919	1.102087e-05	-0.00081956387	0.027145805	4.571208e-05	0.00035400392	624.0	907.6829636096954
86	2000.0	5.8078184	1.2443666	10.526764	1.9510027	5.8414683	0.085246675	6.1068864	5.7732615	174000	-5.811453e-10	1.1237818	2.0542442e-05	-0.0011897087	0.026704302	0.00024282823	0.0020351564	624.0	918.4553771018982
87	2000.0	5.871107	1.1978054	9.854849	1.6547759	5.8151865	0.09242837	6.094098	5.731736	176000	-3.2782557e-10	1.1152841	-3.9418937e-06	-0.0015400648	0.02657309	7.4689604e-05	3.7597656e-05	624.0	928.773138999939
88	2000.0	5.840122	1.1835341	11.000642	1.8488581	5.843327	0.085204616	6.0894017	5.760808	178000	-1.654029e-09	1.0959351	1.1778974e-05	0.00053083897	0.026197195	0.0001897581	0.0012456055	624.0	939.0283377170563
89	2000.0	5.894953	1.1808133	9.6214695	2.007373	5.811525	0.112571	6.1371737	5.7195454	180000	4.321337e-10	1.0653943	8.696449e-05	-0.00021278858	0.025831213	9.727913e-05	0.0016191406	624.0	949.3805940151215
90	2000.0	5.907206	1.2244815	9.44129	1.9756948	5.8823204	0.100090005	6.183139	5.796256	182000	4.6193602e-10	1.12767	6.3416504e-05	-0.0007532835	0.025173673	0.00031234193	0.005772949	624.0	960.1043965816498
91	2000.0	5.876793	1.2169971	9.579919	2.0987854	5.902183	0.09700895	6.177124	5.81366	184000	-1.6391279e-10	1.126194	2.4021865e-06	0.0019402504	0.024736987	9.423377e-05	9.277343e-06	624.0	970.466385602951
92	2000.0	5.876362	1.222773	9.118736	1.8772233	5.848139	0.09227151	6.1241546	5.769068	186000	-7.5995926e-10	1.1258467	6.653081e-05	0.00079250336	0.024540562	0.00020892393	0.0019624024	624.0	980.8527271747589
93	2000.0	5.8462367	1.2503955	9.687651	2.003384	5.8325286	0.081022166	6.0724406	5.75481	188000	-8.642674e-10	1.1362659	-5.1991046e-06	-0.00027525425	0.024246879	1.8108614e-05	1.953125e-05	624.0	991.2733612060547
94	2000.0	5.8571534	1.1858292	9.414703	2.612434	5.826214	0.10790679	6.137645	5.728938	190000	1.6205014e-10	1.0797896	2.4351297e-05	0.000518322	0.02363271	0.00027822494	0.0045444337	624.0	1001.968433380127
95	2000.0	5.814703	1.1756114	9.363112	2.308797	5.82108	0.108309016	6.139438	5.7241554	192000	8.568168e-10	1.0780399	2.2664719e-05	-2.1457672e-06	0.023011664	0.00010409894	0.0007016602	624.0	1012.3358490467072
96	2000.0	5.849316	1.2036719	9.67581	2.0289862	5.7775865	0.100012004	6.0823	5.690199	194000	5.960465e-11	1.1025127	2.014965e-06	-0.0012267828	0.02300133	3.0435724e-05	4.882813e-07	624.0	1022.7911307811737
97	2000.0	5.839179	1.2154363	9.96008	2.014037	5.804308	0.085403636	6.063223	5.723737	196000	8.3446505e-10	1.125452	2.4319985e-05	0.0013959408	0.023265187	0.00015392179	0.000984375	624.0	1033.5729084014893
98	2000.0	5.834719	1.2080938	9.155307	2.441306	5.7684865	0.10007462	6.059714	5.681411	198000	7.003546e-10	1.0903795	-1.0625869e-05	-0.0024912357	0.022687541	5.9297243e-05	0.0003569336	624.0	1043.976711988449
99	2000.0	5.8608747	1.180227	10.561693	1.8249564	5.8334837	0.08846467	6.106885	5.7481484	200000	-8.940697e-11	1.0935473	3.8570884e-05	0.00030243397	0.021888372	8.7092376e-05	0.0011303711	624.0	1054.6777486801147
100	2000.0	5.8824935	1.1651726	10.03229	1.9974586	5.872902	0.09471284	6.1582246	5.7908235	202000	-5.6624416e-10	1.0573173	4.453466e-05	0.00056886673	0.021302165	0.00027174398	0.004300781	624.0	1064.9988014698029
101	2000.0	5.894551	1.2228736	9.603521	2.663384	5.896652	0.08404227	6.1585145	5.8247533	204000	-6.5565114e-10	1.1478025	0.0002229237	0.0014588833	0.020977043	0.00022222908	0.0021245116	624.0	1075.5154576301575
102	2000.0	5.8555593	1.2695334	10.21361	1.9777347	5.9351177	0.0929312	6.196658	5.8554974	206000	7.1525574e-10	1.1434442	3.242418e-05	-0.003021121	0.020966178	9.444122e-05	0.0010029296	624.0	1086.2799773216248
103	2000.0	5.8262324	1.2040097	10.231469	2.5203986	5.898609	0.10525476	6.2154484	5.8118005	208000	-1.7881394e-10	1.1020005	3.6550882e-05	-0.0018545389	0.020568375	4.6327823e-05	0.0007734375	624.0	1096.7374019622803
104	2000.0	5.938569	1.1678463	10.233304	1.9208926	5.8635054	0.10576132	6.1663427	5.7689056	210000	-2.5331975e-10	1.0549048	0.00014040439	-0.0019305944	0.020042252	0.00010623533	0.001644043	624.0	1107.4570837020874
105	2000.0	5.840656	1.2546666	9.84493	1.5555091	5.8977427	0.08801741	6.170291	5.825414	212000	3.5762787e-10	1.1460794	-1.813832e-05	0.00024962425	0.019639993	5.636488e-05	2.1972657e-05	624.0	1117.852335691452
106	2000.0	5.887986	1.2548381	10.48499	1.4152229	5.9061236	0.10699061	6.2308774	5.8115635	214000	-6.5565114e-10	1.1395841	0.00017987876	0.0002105236	0.019509157	0.00039131715	0.007324707	624.0	1128.586811542511
107	2000.0	5.934104	1.2321302	9.960556	1.9677534	5.90181	0.105065085	6.1853395	5.80354	216000	2.421439e-10	1.1125566	8.306498e-06	-0.0014913082	0.01931373	4.5071687e-05	0.00033740234	624.0	1138.9609189033508
108	2000.0	5.801526	1.155724	10.009241	1.9747003	5.9418125	0.097075604	6.21945	5.858769	218000	4.768372e-10	1.0414734	1.0184527e-05	-0.004881382	0.019114215	0.00016158601	0.002133789	624.0	1149.337586402893
109	2000.0	5.8321075	1.1950035	9.761306	2.3596406	5.8927064	0.10079295	6.190777	5.8057113	220000	-2.9802324e-10	1.1065128	-6.980658e-06	-0.0003950596	0.018815625	8.484658e-05	0.00035888673	624.0	1159.7657833099365
110	2000.0	5.9201555	1.2403778	9.532182	2.001786	5.8827434	0.084329724	6.1241946	5.803013	222000	4.768372e-10	1.1203779	1.7952681e-05	-0.00044822693	0.018298952	5.706326e-05	0.0006303711	624.0	1170.5575337409973
111	2000.0	5.937507	1.2077059	9.899072	2.4704006	5.9085355	0.10258576	6.2056556	5.8219485	224000	7.3015693e-10	1.0930064	-8.909032e-07	-0.0003426075	0.01808725	5.9899135e-06	0.0	624.0	1181.3035123348236
112	2000.0	5.8947916	1.2348359	9.357749	1.441413	5.926115	0.08794628	6.1933784	5.8533916	226000	2.384186e-10	1.1412088	-6.6158477e-06	-0.0012694597	0.017759012	5.538811e-05	7.861328e-05	624.0	1191.7654252052307
113	2000.0	5.894949	1.1875771	10.273606	1.6598154	5.8918753	0.101473786	6.1866026	5.802291	228000	5.6624416e-10	1.1147197	-5.485043e-06	-9.942055e-05	0.017446099	3.4869936e-05	0.0	624.0	1202.5862035751343
114	2000.0	5.8260965	1.1980431	9.947805	1.9149472	5.8983903	0.08468394	6.144837	5.822724	230000	5.3644184e-10	1.067507	7.1081966e-05	-0.0010744333	0.017282818	9.447051e-05	0.0010766601	624.0	1213.278349161148
115	2000.0	5.863179	1.2633524	9.656543	2.0768886	5.8629613	0.0922861	6.1430845	5.7813005	232000	5.960465e-10	1.1732475	0.00013131757	-0.0004632473	0.017236464	0.0002662771	0.003364746	624.0	1223.442548751831
116	2000.0	5.847896	1.2236909	9.112682	1.9366567	5.880749	0.0923607	6.162529	5.812104	234000	-1.9147992e-09	1.1182643	0.00018254526	-0.0005787611	0.016894316	0.00041427853	0.006611328	624.0	1233.7363369464874
117	2000.0	5.8613124	1.2415334	10.2100725	1.9784219	5.862416	0.09311562	6.1429915	5.7857947	236000	-6.3329936e-10	1.1389282	4.0914124e-06	-4.9233437e-05	0.016585344	0.00012059783	0.0009555664	624.0	1244.1767356395721
118	2000.0	5.9325814	1.2073951	9.982441	2.0184507	5.8554726	0.08912315	6.1267157	5.774647	238000	-1.2814999e-09	1.0786425	1.3759301e-05	-0.00070381165	0.0164145	2.1996095e-05	0.00034277345	624.0	1254.955209493637
119	2000.0	5.895569	1.221729	9.969398	2.1146934	5.863634	0.09660552	6.14386	5.776887	240000	6.8545347e-10	1.1269947	0.00010116497	0.0010223389	0.016301291	0.00020195011	0.0041157226	624.0	1265.3460147380829
120	2000.0	5.896923	1.2453635	9.995895	1.6529003	5.9193087	0.09723039	6.222651	5.83504	242000	-1.1026859e-09	1.1513019	-2.9027165e-06	-0.00016450882	0.016244095	3.384986e-05	0.0002470703	624.0	1275.7739913463593
121	2000.0	5.789793	1.2326467	10.028536	2.015744	5.9123764	0.101481	6.211942	5.8230886	244000	7.4505807e-10	1.1100547	2.7701558e-06	-0.0030320883	0.016170004	6.694829e-05	0.00011425781	624.0	1286.4784276485443
122	2000.0	5.8131437	1.2413105	10.476969	1.8753235	5.8639216	0.099322274	6.15913	5.784429	246000	8.3446505e-10	1.1521416	4.343793e-06	0.00014472008	0.015895626	3.042839e-06	0.0	624.0	1296.8762564659119
123	2000.0	5.8719664	1.1926893	9.554199	2.05493	5.828187	0.09688259	6.1127567	5.7359824	248000	5.6624416e-10	1.088348	3.315434e-06	-0.00041663647	0.015834372	7.562418e-05	5.6640623e-05	624.0	1307.2536842823029
124	2000.0	5.8581934	1.2193083	10.110954	1.9835042	5.8562226	0.09247736	6.147006	5.7741446	250000	1.192093e-10	1.08672	5.9020226e-06	0.00021243095	0.015795713	9.484483e-05	9.277343e-06	624.0	1317.6789898872375
125	2000.0	5.821516	1.2279954	10.07676	2.4281335	5.861384	0.09703726	6.151815	5.777748	252000	1.9669533e-09	1.0922582	8.887467e-05	-5.722046e-06	0.01547549	6.666222e-05	0.0010820313	624.0	1328.4178259372711
126	2000.0	5.7986207	1.2600071	9.72164	1.9426217	5.855396	0.096306816	6.1285353	5.7688603	254000	-8.940697e-11	1.1374586	-4.4684707e-06	-0.0017199516	0.015435849	5.2295247e-05	0.0	624.0	1338.7006556987762
127	2000.0	5.8337545	1.2375569	9.866347	1.9872571	5.8025966	0.094866484	6.078842	5.718786	256000	8.4936624e-10	1.1157812	1.1672444e-06	-0.00014257431	0.015291641	4.5477987e-05	0.0002915039	624.0	1348.9745285511017
128	2000.0	5.872645	1.1985655	9.492209	2.4591122	5.835828	0.093151174	6.1190434	5.7512207	258000	-1.4156104e-10	1.0805291	0.00010847303	-0.0002361536	0.01499936	0.00030846355	0.0050859377	624.0	1359.3769929409027
129	2000.0	5.8375783	1.2026719	9.511225	2.101471	5.8384	0.09311622	6.1216745	5.7531734	260000	-2.2351743e-10	1.0683159	-4.766494e-06	-0.00015461445	0.014973672	1.1072198e-05	1.171875e-05	624.0	1369.829357624054
130	2000.0	5.8498344	1.2287327	9.55988	2.082074	5.8329053	0.09122082	6.1091485	5.756389	262000	-4.1723253e-10	1.1259117	3.2589276e-05	0.0011765957	0.014629303	0.0001850375	0.0032348633	624.0	1380.604339838028
131	2000.0	5.920823	1.2525301	10.347055	2.303904	5.881021	0.08617178	6.142952	5.804868	264000	3.2782557e-10	1.126205	1.9552335e-06	-0.0002373457	0.014571816	0.00013083698	0.0009453125	624.0	1391.0046195983887
132	2000.0	5.883919	1.251746	9.968996	2.334057	5.882026	0.09052958	6.14096	5.802243	266000	8.3446505e-10	1.1644399	1.8945457e-05	-9.894371e-05	0.014517872	3.8886832e-05	0.0005473633	624.0	1401.7181930541992
133	2000.0	5.896143	1.2101723	9.570957	1.8607329	5.8829713	0.09938263	6.1571455	5.7964554	268000	-4.1723253e-10	1.1116756	5.169452e-06	-0.0007017851	0.014284654	3.457375e-05	2.5878906e-05	624.0	1412.401759147644
134	2000.0	5.813932	1.178301	9.328355	2.42867	5.9037485	0.09530692	6.172359	5.822157	270000	6.258488e-10	1.0672592	-6.2526766e-07	-0.003231287	0.014148234	5.661119e-06	0.0	624.0	1422.785361289978
135	2000.0	5.875408	1.2164613	9.914145	2.038762	5.831267	0.08539599	6.088859	5.7589335	272000	-9.983778e-10	1.0988353	6.925603e-05	4.9948692e-05	0.013840881	7.731472e-05	0.00096875	624.0	1433.1750183105469
136	2000.0	5.8197746	1.2106017	9.60445	2.2387145	5.8262615	0.09174679	6.098327	5.7535667	274000	2.384186e-10	1.0808553	1.454413e-06	4.1604042e-05	0.01385495	3.2889857e-05	0.0	624.0	1443.6313552856445
137	2000.0	5.9145403	1.2466791	11.270609	2.4967096	5.831944	0.08823344	6.089498	5.764209	276000	-4.768372e-10	1.1196536	2.3691238e-05	-0.0012227297	0.013830569	0.00011614159	0.0012255859	624.0	1454.3649878501892
138	2000.0	5.8567057	1.2282367	10.134088	2.0610902	5.8592806	0.09717472	6.141335	5.770762	278000	5.960465e-10	1.1147765	-3.12531e-06	0.0010950565	0.013560049	2.0156673e-05	0.0	624.0	1464.6753981113434
139	2000.0	5.851686	1.2116227	11.063541	2.5814865	5.897115	0.09897814	6.1790233	5.804257	280000	2.6822092e-10	1.1113764	4.809423e-05	-0.00080907345	0.013636228	0.00014970843	0.0020527344	624.0	1475.1175744533539
140	2000.0	5.88774	1.2420304	10.466927	2.142834	5.8486676	0.08286699	6.0953007	5.77813	282000	-1.3411046e-10	1.1271809	4.585229e-05	-0.00080406666	0.013307932	5.6721357e-05	0.0008100586	624.0	1485.9225492477417
141	2000.0	5.856966	1.2303569	10.007388	2.5995796	5.867608	0.09206661	6.137267	5.7889633	284000	-8.940697e-11	1.1111513	2.5045276e-06	0.00013768673	0.013325263	5.892481e-05	0.00034814453	624.0	1496.3373532295227
142	2000.0	5.7469196	1.211987	9.629088	1.6682348	5.8574095	0.09385214	6.1399374	5.7733297	286000	7.3015693e-10	1.115764	1.9024626e-05	-0.0044840574	0.013344013	6.726876e-05	0.00061279297	624.0	1506.7398946285248
143	2000.0	5.82887	1.2160541	9.900947	2.399964	5.7552423	0.093049906	6.0350113	5.67007	288000	2.384186e-10	1.0946991	1.1237264e-06	-0.0018367767	0.013240729	7.3042655e-05	5.3710937e-06	624.0	1517.148101091385
144	2000.0	5.920571	1.2094681	10.187302	1.901454	5.815326	0.08906757	6.0865703	5.7335668	290000	-7.1525574e-10	1.1123136	3.4254583e-05	-0.005126357	0.013114092	0.00012106003	0.0023510742	624.0	1527.8630940914154
145	2000.0	5.903759	1.2211281	9.561282	1.6211361	5.886664	0.08578839	6.1442842	5.811389	292000	4.693866e-10	1.1162612	-3.572926e-07	-0.0007725954	0.013005855	3.7365226e-05	0.0	624.0	1538.2627472877502
146	2000.0	5.80945	1.1971327	9.545112	2.0530746	5.9094915	0.09278908	6.1777434	5.817223	294000	-7.748604e-10	1.0890675	-4.943371e-06	-0.0054479837	0.012836572	2.5113384e-05	0.0	624.0	1549.1196765899658
147	2000.0	5.908596	1.1706152	10.46658	2.0229871	5.8349066	0.09228535	6.1236324	5.764078	296000	-3.129244e-10	1.0817844	4.418507e-06	-0.0019009113	0.012752281	6.527e-05	0.00030126952	624.0	1559.9504623413086
148	2000.0	5.871945	1.2512246	10.174358	1.5071776	5.858926	0.08913753	6.123329	5.7776065	298000	-7.1525574e-10	1.1273836	6.005615e-07	-0.0006650686	0.0126092695	5.7495323e-05	0.00012890625	624.0	1570.6485335826874
149	2000.0	5.8697386	1.2223213	10.506339	2.0677514	5.8732066	0.09477152	6.154504	5.7896223	300000	-2.9802324e-11	1.1362929	3.3549815e-05	0.0010634661	0.012615327	3.838664e-05	0.00070117187	624.0	1580.8846135139465
150	2000.0	5.8827305	1.1852823	9.39427	2.3576932	5.8954296	0.077241845	6.128206	5.8261795	302000	1.3038517e-09	1.0588732	2.9192664e-05	0.0003707409	0.012691809	0.0001514906	0.0027143555	624.0	1591.1753225326538
151	2000.0	5.8256807	1.2183815	9.80033	2.218912	5.8591795	0.08597413	6.123937	5.7926087	304000	1.4156104e-10	1.120851	3.0881092e-06	-0.00032675266	0.012281094	5.679023e-05	0.0	624.0	1601.619517326355
152	2000.0	5.831831	1.2137376	9.557709	2.2809505	5.8517785	0.10839457	6.1707096	5.7560573	306000	-5.066395e-10	1.100269	0.00017429618	-0.0003633499	0.012315911	0.00033324832	0.0058520506	624.0	1612.4588050842285
153	2000.0	5.9222755	1.2637942	9.903553	1.6953051	5.852456	0.09816763	6.139181	5.7727885	308000	1.6391278e-09	1.1357095	4.3972133e-05	-0.0011390448	0.011884419	0.00018648095	0.0028901368	624.0	1623.276181936264
154	2000.0	5.835372	1.1943237	9.479471	2.3726232	5.882783	0.111962885	6.2078075	5.790312	310000	5.820766e-10	1.1115401	5.63107e-05	-0.00048303604	0.011962934	9.2773385e-05	0.00091748044	624.0	1634.0555803775787
155	2000.0	5.809218	1.2035887	10.002368	2.119088	5.8772297	0.08660954	6.134313	5.80362	312000	-3.2782557e-10	1.1345903	-1.3225675e-06	-0.00016760826	0.011836799	0.000107316635	0.0013320312	624.0	1644.789316892624
156	2000.0	5.8451047	1.2226225	9.651578	2.4062967	5.8221307	0.09246318	6.1109667	5.7482414	314000	-5.960465e-11	1.1133158	-5.094871e-06	-0.00039362907	0.011740213	8.858568e-06	0.0	624.0	1655.243224143982
157	2000.0	5.867282	1.2102369	9.44729	2.6218019	5.845792	0.10005195	6.145465	5.75921	316000	-3.5762787e-10	1.1176305	3.7427246e-05	-0.000104904175	0.011669162	3.6535337e-05	0.00082958984	624.0	1666.0409712791443
158	2000.0	5.8674226	1.190718	10.096117	2.4868453	5.870255	0.10236719	6.17757	5.783554	318000	-4.768372e-10	1.0741686	2.9199691e-05	-8.428097e-05	0.011647826	0.00010557418	0.00062353513	624.0	1676.3783195018768
159	2000.0	5.8583565	1.2022347	10.362065	2.4983785	5.862102	0.09901338	6.164991	5.780126	320000	-6.8545347e-10	1.0850005	-9.84177e-06	-0.00010454655	0.011535673	8.340325e-05	0.00072021486	624.0	1686.6582553386688
160	2000.0	5.8308525	1.2260948	9.517885	2.404718	5.8570976	0.10022895	6.1476164	5.76241	322000	0.0	1.1050758	2.5597813e-06	-0.000715971	0.011446348	0.000112879396	0.0015102539	624.0	1696.9353222846985
161	2000.0	5.8436604	1.2154384	9.441848	1.4805776	5.8353324	0.09151733	6.1212444	5.758913	324000	-3.5762787e-10	1.1368784	3.39424e-05	0.00022006035	0.011309083	3.476566e-05	0.0005878906	624.0	1707.3149440288544
162	2000.0	5.797767	1.1977961	9.7453985	2.5220828	5.853283	0.10429615	6.1522136	5.7581377	326000	-1.3411046e-10	1.0879633	1.1557147e-05	0.00093221664	0.011274606	5.0745453e-05	0.00034326172	624.0	1718.0736343860626
163	2000.0	5.84739	1.2420993	10.18727	1.4560317	5.862897	0.08067057	6.0975413	5.79143	328000	2.9802324e-11	1.1163248	1.8788853e-05	-0.00045597553	0.01115001	0.000106677355	0.0011479493	624.0	1728.5674359798431
164	2000.0	5.8099575	1.2605428	11.255347	1.9974473	5.8669276	0.08913957	6.133986	5.785499	330000	-3.2782557e-10	1.1499988	-1.8016726e-05	-0.00025451183	0.010971033	5.7327135e-05	5.859375e-06	624.0	1739.3123207092285
165	2000.0	5.8704653	1.1890122	9.801336	2.7022088	5.8207355	0.109677345	6.138928	5.727682	332000	2.0861626e-10	1.1103979	0.00011029691	1.1086464e-05	0.010926489	0.00026099337	0.004236328	624.0	1749.6197338104248
166	2000.0	5.8727603	1.1613833	9.499865	2.1602724	5.8152757	0.095604785	6.1045814	5.7290573	334000	4.7124926e-10	1.0728852	-3.6577399e-06	-0.00065255165	0.0107546495	3.3163004e-05	5.6640623e-05	624.0	1759.977210521698
167	2000.0	5.868374	1.1821271	10.349584	2.28984	5.8262863	0.0848676	6.0844693	5.750362	336000	-4.768372e-10	1.0594918	-1.1867285e-07	-0.00021374226	0.010622585	8.617801e-06	0.0	624.0	1770.7013473510742
168	2000.0	5.8238482	1.2442943	10.201967	1.9193807	5.880945	0.079417184	6.107065	5.7975683	338000	1.4901162e-10	1.1225187	4.661705e-05	-0.001603365	0.010489188	5.7598107e-05	0.0007880859	624.0	1781.0586566925049
169	2000.0	5.917412	1.2141161	9.867793	1.8862933	5.843859	0.096806325	6.1272035	5.766337	340000	1.3411046e-10	1.1134282	-8.572682e-06	-0.0012000799	0.010283309	2.687639e-05	0.0	624.0	1791.572027683258
170	2000.0	5.8449965	1.1775806	9.825815	2.507779	5.877528	0.08432501	6.124718	5.7979836	342000	-1.7881394e-10	1.0627086	-9.069264e-06	0.00045478344	0.010293481	1.29276405e-05	1.0253906e-05	624.0	1802.3160781860352
171	2000.0	5.8187847	1.1955298	9.58269	2.5021832	5.8882866	0.081900686	6.1437817	5.8119483	344000	-6.8545347e-10	1.0995939	-6.014616e-06	-0.0012491941	0.010252729	1.3807134e-05	0.0	624.0	1812.6436831951141
172	2000.0	5.8731112	1.2029431	9.430345	1.7973783	5.8419023	0.09910925	6.13584	5.7581363	346000	3.7625433e-10	1.0770018	-1.4668957e-05	-0.00032031536	0.010198047	1.4953177e-05	3.6621095e-05	624.0	1822.9822158813477
173	2000.0	5.8169346	1.1882213	10.323863	2.0246012	5.850553	0.09902927	6.125308	5.7603498	348000	-7.3015693e-10	1.0844902	5.989209e-06	8.106232e-06	0.010066051	2.7853957e-05	0.0	624.0	1833.3295323848724
174	2000.0	5.8549504	1.2278221	10.864622	2.4745686	5.8503995	0.08666955	6.104501	5.7690616	350000	2.9802324e-11	1.0977669	-3.3056738e-06	0.0003733635	0.010156541	2.3329567e-05	4.3457032e-05	624.0	1843.756513595581
175	2000.0	5.867381	1.1982832	10.475733	2.382294	5.885851	0.09140982	6.167568	5.816127	352000	-2.0414592e-09	1.0894397	8.5967265e-05	-8.761883e-05	0.009829345	0.00018695192	0.0032402345	624.0	1854.6058773994446
176	2000.0	5.8884478	1.1845094	9.426075	2.4979167	5.8836336	0.09927755	6.175362	5.796724	354000	1.1324883e-09	1.0719036	4.8747454e-05	-0.00021874905	0.009801403	0.00014816425	0.0031362304	624.0	1865.0285410881042
177	2000.0	5.77321	1.1819499	9.609702	2.7304568	5.892056	0.090108804	6.1562567	5.813112	356000	2.6077032e-10	1.0825422	3.0143614e-05	-0.0051244497	0.009640034	3.8696646e-05	0.0005834961	624.0	1875.8303878307343
178	2000.0	5.7969832	1.1907737	9.704202	2.4389126	5.8058043	0.09543257	6.085761	5.7213974	358000	-4.768372e-10	1.0843577	-3.1232687e-06	-0.00011610985	0.009624771	2.2959084e-05	4.785156e-05	624.0	1886.656904220581
179	2000.0	5.8760366	1.2250702	10.144885	1.9468323	5.8183303	0.09243728	6.087203	5.7375746	360000	3.5762787e-10	1.1333165	2.4893701e-05	-0.00060355663	0.00943791	3.0958563e-05	0.0006396484	624.0	1897.4031035900116
180	2000.0	5.8374963	1.2216376	10.348317	2.5784016	5.8546333	0.09819203	6.149883	5.772637	362000	1.1771918e-09	1.107897	3.78041e-06	0.00018334389	0.009467823	8.416797e-06	0.0	624.0	1907.8326659202576
181	2000.0	5.905671	1.1945804	11.064872	2.3625307	5.8606052	0.09887696	6.149916	5.77457	364000	7.0221723e-10	1.0791032	3.1985288e-05	-0.00047671795	0.009363407	0.00016511625	0.0031499024	624.0	1918.2294902801514
182	2000.0	5.8141727	1.2295732	10.375873	2.1215	5.8878236	0.08915231	6.1533155	5.802482	366000	5.066395e-10	1.1285597	1.4327467e-05	-0.001871109	0.009283656	7.079713e-05	0.00059375	624.0	1928.5728063583374
183	2000.0	5.8442645	1.2409276	10.447707	2.074922	5.8456244	0.1117882	6.183418	5.741629	368000	1.4901162e-11	1.117578	4.405944e-05	-0.00030457973	0.009357811	6.81301e-05	0.00077978516	624.0	1938.8809387683868
184	2000.0	5.9029827	1.2096695	9.154961	2.0554533	5.8505783	0.10391031	6.152778	5.7603335	370000	2.4586916e-10	1.1246687	3.7550183e-07	-0.0010392666	0.009326574	4.1836684e-05	0.00029492186	624.0	1949.2014808654785
185	2000.0	5.9168015	1.1853374	9.498024	2.093508	5.8986344	0.08921736	6.1697683	5.8209906	372000	-7.748604e-10	1.1084601	-3.3000113e-06	-0.00047314167	0.009607947	1.3841324e-05	4.296875e-05	624.0	1959.534588098526
186	2000.0	5.8610563	1.2401245	9.512508	2.3771055	5.9127526	0.087798215	6.164905	5.8352413	374000	5.103648e-10	1.1335948	1.5049715e-05	-0.00056266785	0.009438309	8.794976e-05	0.0018852539	624.0	1969.9792051315308
187	2000.0	5.8333416	1.2031815	9.538157	1.9733891	5.8697243	0.096338876	6.136405	5.7758427	376000	-3.2782557e-10	1.116508	4.891235e-05	0.002108097	0.009268068	0.00011969241	0.0015415039	624.0	1980.7388203144073
188	2000.0	5.8760962	1.2478764	10.165208	2.200092	5.805458	0.08310495	6.0484085	5.732502	378000	-9.387732e-10	1.15979	-1.9378365e-06	-0.0019240379	0.009210082	1.2780981e-05	0.0	624.0	1991.144793510437
189	2000.0	5.799885	1.203026	9.441979	2.2004132	5.831978	0.09392336	6.110909	5.751497	380000	1.0058284e-10	1.0670426	8.418604e-05	-0.0006598234	0.009272556	0.00024861877	0.0035083008	624.0	2001.9294984340668
190	2000.0	5.8700166	1.2236254	9.993031	2.095601	5.803788	0.09115494	6.077305	5.7246294	382000	-3.2037498e-10	1.1308397	1.3473631e-06	-0.0013743639	0.009283584	6.0426164e-06	0.0	624.0	2012.6851079463959
191	2000.0	5.8054323	1.2038178	9.723197	2.351587	5.832755	0.104639135	6.1406703	5.750977	384000	-7.450581e-11	1.1186364	0.00024739586	0.00027918816	0.009132463	0.00038215195	0.0050981445	624.0	2023.1355304718018
192	2000.0	5.8808813	1.2505602	10.063685	2.0925128	5.844562	0.09928442	6.1352334	5.7568793	386000	1.192093e-09	1.1543674	0.00017385073	6.508827e-05	0.009030376	0.00019262441	0.0015991211	624.0	2033.9489409923553
193	2000.0	5.845393	1.1987864	9.288621	2.575994	5.840357	0.099458456	6.1322885	5.7590585	388000	2.384186e-10	1.1093494	7.137135e-06	-0.00018131733	0.009031099	3.8451064e-05	0.0	624.0	2044.6688072681427
194	2000.0	5.887247	1.2191025	10.053781	2.612528	5.8174	0.10391837	6.121332	5.727386	390000	-4.200265e-10	1.122565	1.1264387e-05	-0.0011612177	0.008911843	7.0471746e-05	0.0004658203	624.0	2055.016981601715
195	2000.0	5.8447685	1.2171872	9.795897	2.3150053	5.8633795	0.098412104	6.127723	5.769194	392000	-4.917383e-10	1.1285175	8.501964e-05	0.00015866756	0.008717238	0.00016261575	0.0027685547	624.0	2065.737255334854
196	2000.0	5.879122	1.2285082	10.680177	2.558463	5.853762	0.08323834	6.101872	5.780625	394000	-4.0233136e-10	1.1392105	-4.6865642e-07	0.00043952465	0.008677877	1.1361235e-05	0.0	624.0	2076.189299106598
197	2000.0	5.887107	1.1777434	9.492289	2.425281	5.880017	0.09306991	6.1550736	5.800095	396000	1.1324883e-09	1.072656	1.3494373e-05	0.00036621094	0.008566801	0.00012945465	0.0020112304	624.0	2086.9541234970093
198	2000.0	5.8188496	1.1641235	9.366035	2.0696356	5.901797	0.086336106	6.1557612	5.823065	398000	3.2782557e-10	1.0429306	2.8346421e-05	-0.0010607243	0.008583951	0.00013720695	0.0023779296	624.0	2097.4150235652924
199	2000.0	5.8509502	1.2335244	10.364567	2.099722	5.883834	0.0898848	6.1556516	5.811239	400000	-1.3113023e-09	1.134123	3.6972226e-05	0.00018143654	0.008599901	0.00011918162	0.0021757812	624.0	2108.230090856552
200	2000.0	5.9172187	1.2152181	10.147245	2.4876347	5.885194	0.08358429	6.1413274	5.8110194	402000	1.0244549e-10	1.1053171	4.0057492e-07	0.00033295155	0.008556312	1.26068435e-05	2.4414062e-06	624.0	2119.021306037903
201	2000.0	5.8944683	1.2126926	10.010085	1.5659739	5.9325624	0.09225437	6.2125626	5.8516784	404000	-4.0233136e-10	1.116367	7.419817e-05	-7.414818e-05	0.008457646	0.00017718766	0.0032177735	624.0	2129.8211994171143
202	2000.0	5.850543	1.2432317	10.247892	2.1410296	5.9153404	0.081820466	6.177923	5.8469143	406000	1.4901162e-11	1.1430618	0.00015698146	-5.51939e-05	0.008364442	0.0002502043	0.0034086914	624.0	2140.56374835968
203	2000.0	5.866764	1.2005707	10.063773	2.1791005	5.914405	0.08378607	6.180593	5.8439574	408000	-1.4901162e-11	1.1268646	1.0879547e-05	-0.0022212267	0.008409808	4.1790463e-05	3.90625e-06	624.0	2150.9718091487885
204	2000.0	5.8917646	1.2259365	9.436949	1.8948025	5.8603354	0.09633297	6.1458225	5.7713833	410000	0.0	1.0964953	-1.8156172e-06	0.00048017502	0.008312247	6.9234884e-06	0.0	624.0	2161.7252068519592
205	2000.0	5.8585396	1.2158046	9.4379635	2.535778	5.845418	0.10117667	6.139497	5.754016	412000	1.5944244e-09	1.0751343	-8.86725e-06	-0.00011920929	0.0081635155	1.4753912e-05	2.4902343e-05	624.0	2172.168721437454
206	2000.0	5.908847	1.2185034	10.3396435	2.2016058	5.867015	0.09684638	6.1558723	5.7821617	414000	8.046627e-10	1.0991249	5.4562094e-07	0.0002952814	0.0082271835	1.8256259e-06	0.0	624.0	2182.92174243927
207	2000.0	5.801315	1.2466058	9.797287	1.7408304	5.8589945	0.092466004	6.141355	5.7766204	416000	4.0978196e-10	1.1560221	6.336815e-05	0.0002951622	0.008246737	5.479777e-05	0.00081347657	624.0	2193.3663733005524
208	2000.0	5.8474917	1.2190588	9.909234	2.454653	5.864042	0.1004205	6.177415	5.788317	418000	1.9073487e-09	1.1352903	7.19716e-05	0.00014400482	0.008211073	0.00012281312	0.0015483398	624.0	2204.1619424819946
209	2000.0	5.870335	1.1698858	9.531337	2.0357578	5.8359675	0.10378309	6.1463723	5.7451334	420000	1.5087426e-10	1.0640944	0.00012631927	0.0011658669	0.00816869	0.0002031226	0.0033730469	624.0	2214.9376962184906
210	2000.0	5.864267	1.1666524	9.28005	2.4840958	5.893007	0.094438575	6.174421	5.8075123	422000	2.6822092e-10	1.05092	6.733015e-06	-9.2983246e-05	0.008168781	7.384473e-05	0.00077734375	624.0	2225.7639973163605
211	2000.0	5.8376303	1.2403762	9.936152	2.4319282	5.8885345	0.08747031	6.158949	5.8173194	424000	-6.5565114e-10	1.1293964	6.8225985e-05	-0.00032818317	0.008130412	0.0001221061	0.00265625	624.0	2236.5215532779694
212	2000.0	5.9398155	1.2538872	9.437468	1.8164208	5.8774557	0.101639174	6.177871	5.7954626	426000	-1.192093e-10	1.1095425	9.0856614e-05	0.00015103817	0.007964539	0.00011571292	0.0010566406	624.0	2246.899477481842
213	2000.0	5.8545456	1.1987823	10.847018	2.0365405	5.8798766	0.10798329	6.191821	5.786275	428000	-5.960465e-11	1.1038187	2.8361621e-05	-0.0010313988	0.007949926	9.560063e-05	0.0019980469	624.0	2257.3439648151398
214	2000.0	5.9081955	1.1862383	9.339366	1.9256295	5.8336096	0.0879187	6.1002593	5.7553988	430000	2.6822092e-10	1.0798422	-7.650555e-06	-0.0010979176	0.00786069	8.021602e-05	0.00089746097	624.0	2268.1493010520935
215	2000.0	5.809152	1.2386664	9.970182	2.382875	5.861368	0.097326785	6.1477017	5.7745266	432000	4.842878e-10	1.1116688	6.8968535e-07	3.1113625e-05	0.007800026	8.318071e-05	0.00095654296	624.0	2278.9410576820374
216	2000.0	5.881981	1.1421903	9.146921	2.5859318	5.8643184	0.094663724	6.1386294	5.782646	434000	5.960465e-11	1.0583442	0.00011129866	-7.665157e-05	0.007856579	0.0002160355	0.0034384765	624.0	2289.672245979309
217	2000.0	5.861104	1.1951687	9.17639	2.0802467	5.8665032	0.0975584	6.1598115	5.7822447	436000	-4.768372e-10	1.1038439	4.4875876e-05	0.00021457672	0.0077490592	0.00014254397	0.0025795898	624.0	2300.108633995056
218	2000.0	5.8967466	1.2717357	9.601224	2.5724394	5.846776	0.09631814	6.127268	5.7674255	438000	-1.8626452e-10	1.1681268	3.880188e-06	-8.833408e-05	0.007683704	1.1603343e-05	6.8359377e-06	624.0	2310.8420419692993
219	2000.0	5.7946634	1.1762829	9.341453	2.0103006	5.8657236	0.10276062	6.168574	5.7806034	440000	-6.0349703e-10	1.0927178	8.0557775e-06	-0.001920104	0.0075774416	6.2346124e-05	0.00061523437	624.0	2321.1860229969025
220	2000.0	5.8993764	1.2587303	10.457	2.589844	5.8202634	0.088833556	6.1000576	5.749852	442000	3.2037498e-10	1.1572	2.7702803e-05	-0.0012959242	0.007488837	3.1838692e-05	0.00049267575	624.0	2331.6124505996704
221	2000.0	5.8612375	1.2562637	11.12926	2.4385555	5.8500495	0.10086888	6.1549616	5.7632093	444000	-2.9802324e-11	1.1349415	2.451101e-05	0.0002859831	0.007500928	0.00010133191	0.001862793	624.0	2342.365526199341
222	2000.0	5.9138637	1.2352775	10.534842	2.0110595	5.8299313	0.10494845	6.142943	5.738956	446000	-4.768372e-10	1.1251488	4.7760313e-06	-0.0016093254	0.007550011	5.507346e-05	0.0003071289	624.0	2352.8441150188446
223	2000.0	5.899748	1.2730403	9.915445	2.0516484	5.859873	0.09573844	6.1469765	5.7776814	448000	5.3644184e-10	1.1475568	3.0282738e-06	-0.0006071329	0.007411499	1.5864181e-05	0.00013183594	624.0	2363.6558504104614
224	2000.0	5.7498746	1.2031686	9.575511	1.5485122	5.8979497	0.10690558	6.198157	5.8051167	450000	3.4272674e-10	1.0943394	3.7644197e-05	-0.008937836	0.0074279117	5.627927e-05	0.00066992186	624.0	2374.2551307678223
225	2000.0	5.8513613	1.234536	10.144039	1.7108229	5.79998	0.08646171	6.0550566	5.7214737	452000	-6.8545347e-10	1.1245854	3.0533232e-05	-0.0013748407	0.0073043513	0.00013380943	0.0022631837	624.0	2384.440417766571
226	2000.0	5.843257	1.1850969	9.753757	2.4147177	5.836307	0.10453707	6.142469	5.7465553	454000	-2.1457673e-09	1.0718471	0.00011669578	-0.0003285408	0.0074139945	0.00024814846	0.0036464843	624.0	2394.710574388504
227	2000.0	5.760994	1.2357451	9.4039955	1.8266306	5.8507223	0.08255967	6.1104975	5.7748995	456000	-4.5634807e-10	1.114151	8.449513e-05	-0.0037959814	0.0073458594	0.00016514529	0.0027226564	624.0	2405.1256136894226
228	2000.0	5.921455	1.2045592	9.755537	1.8782007	5.7888207	0.105816096	6.0888658	5.7017674	458000	9.2387203e-10	1.1060412	1.096219e-06	-0.00684464	0.007381149	1.0769476e-05	0.0	624.0	2415.572902441025
229	2000.0	5.845632	1.188523	9.591142	2.3114445	5.8424487	0.08429926	6.0983	5.7670555	460000	6.5565114e-10	1.0829716	1.8514694e-07	-0.0003130436	0.0071505383	5.6299952e-05	0.0010546875	624.0	2426.3604946136475
230	2000.0	5.8595934	1.1726158	10.477225	1.7857652	5.8321595	0.08701678	6.0997696	5.75051	462000	-4.768372e-10	1.0488068	9.6431024e-05	-0.00060367584	0.007350863	0.0001667373	0.003321289	624.0	2436.733851671219
231	2000.0	5.873096	1.2033663	9.549368	2.7961946	5.8494654	0.092182636	6.130719	5.77125	464000	2.9802324e-11	1.09206	6.519866e-05	1.9669533e-05	0.007299748	0.00014091471	0.0024658204	624.0	2447.508861541748
232	2000.0	5.868079	1.2140733	9.371051	1.9795029	5.872951	0.084632866	6.13753	5.801427	466000	-2.6822092e-10	1.1124123	-5.854279e-06	-0.00018894672	0.007281554	5.4818396e-05	0.00074853515	624.0	2458.2792041301727
233	2000.0	5.8452377	1.2209959	9.997958	1.6329923	5.872804	0.09374296	6.1486654	5.796139	468000	1.0654331e-09	1.081152	5.4425465e-05	-9.679794e-05	0.0072967294	0.00014487207	0.0024057617	624.0	2468.988695383072
234	2000.0	5.9081445	1.1943572	9.84823	1.9706385	5.8650646	0.10047768	6.1663837	5.7813177	470000	-1.6391279e-10	1.0744008	-1.8383414e-06	0.00037932396	0.007311383	1.5814145e-05	0.0	624.0	2479.4208002090454
235	2000.0	5.834928	1.2347772	10.067877	2.0242624	5.8566594	0.09281885	6.1266937	5.772627	472000	0.0	1.1197324	6.1805295e-05	0.0008739233	0.007201939	0.00014497027	0.0025004882	624.0	2490.1586034297943
236	2000.0	5.873805	1.2075899	9.614097	2.3564365	5.831925	0.08784363	6.0893927	5.7534046	474000	4.321337e-10	1.1016438	3.1099917e-05	0.00035202503	0.0070725144	2.7170303e-05	0.0004194336	624.0	2500.866551876068
237	2000.0	5.8835173	1.2314031	9.429496	1.7762679	5.863937	0.095618345	6.1549044	5.7751427	476000	3.7997963e-10	1.116478	8.4298204e-05	0.00018882751	0.0070866975	0.000112458336	0.00094726565	624.0	2511.2063007354736
238	2000.0	5.84303	1.2199796	10.104786	2.2831168	5.894936	0.09447525	6.186868	5.813479	478000	-5.960465e-11	1.107993	0.00015817753	-0.001096487	0.007041903	0.00034381688	0.0039008788	624.0	2521.573695421219
239	2000.0	5.8293715	1.2338233	10.0181055	2.60973	5.8723326	0.09393419	6.1510825	5.796875	480000	-3.1851233e-10	1.1466831	9.343669e-05	-0.0009596348	0.006982928	0.00015654776	0.0025620118	624.0	2531.9985904693604
240	2000.0	5.8044534	1.2561809	9.447864	1.6833264	5.857189	0.10340643	6.1570845	5.764241	482000	-9.089709e-10	1.1172917	7.430983e-05	0.00057017803	0.00692459	0.0001524639	0.0026591797	624.0	2542.7651529312134
241	2000.0	5.875702	1.2103671	9.693547	2.556621	5.7829695	0.09913081	6.0763903	5.7014556	484000	-7.078052e-10	1.08865	1.12786e-05	-0.001909852	0.0070263846	7.586716e-05	0.0012363282	624.0	2553.4175701141357
242	2000.0	5.811505	1.2301915	9.5754795	1.9330894	5.86769	0.08536279	6.1161523	5.788929	486000	-5.3644184e-10	1.1361773	9.5497766e-05	0.0012011528	0.0068642953	0.00020741233	0.0031479492	624.0	2563.820097923279
243	2000.0	5.844534	1.2482556	9.993353	2.1080751	5.881869	0.10755428	6.183362	5.7851467	488000	4.4703485e-10	1.1449225	5.6349578e-05	-0.00038349628	0.0068408065	0.00014913794	0.0022534179	624.0	2574.6294000148773
244	2000.0	5.868622	1.1574203	9.7356205	2.503163	5.88232	0.10796063	6.1930637	5.792796	490000	-4.1723253e-10	1.0693852	6.4335254e-05	6.16312e-05	0.0068341075	0.00011511817	0.0018051758	624.0	2585.4389650821686
245	2000.0	5.808016	1.2185798	9.8440075	2.043754	5.8718524	0.10017168	6.175353	5.779353	492000	2.0861626e-10	1.1317066	1.072085e-05	-0.00087475777	0.0067627514	4.0240895e-05	0.00043847656	624.0	2596.2766575813293
246	2000.0	5.839848	1.2683836	9.702367	1.988815	5.8096232	0.10263663	6.107193	5.723607	494000	6.332994e-11	1.1550535	4.0263276e-06	-0.000104665756	0.00671436	2.8998709e-06	0.0	624.0	2607.0165433883667
247	2000.0	5.8748507	1.2542957	10.868888	1.430239	5.8134613	0.09758246	6.0874367	5.73333	496000	-2.384186e-10	1.1504755	-1.7069281e-06	-0.0003671646	0.0067012296	4.1681902e-05	0.00026806642	624.0	2617.3946573734283
248	2000.0	5.865761	1.1979978	10.138513	2.0032675	5.8467746	0.10011913	6.151021	5.772736	498000	-9.313226e-11	1.0774697	7.818101e-05	-0.00053322315	0.0067039547	0.00018865777	0.0031333007	624.0	2627.6842222213745
249	2000.0	5.8194075	1.1522917	9.375649	2.0773723	5.8560143	0.09184162	6.1303673	5.7742524	500000	-8.642674e-10	1.0468578	-7.2169305e-06	-0.0011179447	0.0067433123	1.3285192e-05	9.912109e-05	624.0	2637.942059278488
250	2000.0	5.8475213	1.2267689	9.506177	1.8497214	5.8195825	0.08851787	6.0757127	5.7373233	502000	1.4901162e-10	1.0957814	5.790443e-07	0.0004361868	0.0066539	3.058816e-05	6.8359377e-06	624.0	2648.6242125034332
251	2000.0	5.8403387	1.2190257	9.9386	2.0458765	5.802726	0.10261627	6.0864725	5.713045	504000	5.066395e-10	1.1160578	5.6295205e-05	-0.00011014938	0.0065773586	0.00015250334	0.0024926758	624.0	2659.4043204784393
252	2000.0	5.8604994	1.1852821	10.406938	2.3874264	5.8090906	0.103805	6.1011376	5.717758	506000	3.874302e-10	1.0929717	6.310827e-05	-0.00077807903	0.006593356	0.00013817407	0.0023637696	624.0	2670.27614068985
253	2000.0	5.855737	1.2160792	10.10608	2.5602832	5.8460083	0.09583812	6.1173377	5.760868	508000	8.940697e-10	1.1260033	7.4140435e-06	0.00071299076	0.006533782	4.75455e-05	0.00036328126	624.0	2681.063459634781
254	2000.0	5.810856	1.1724155	10.043495	2.0513546	5.870814	0.096766844	6.1653976	5.7898707	510000	-7.748604e-10	1.0885994	0.00025029536	-0.001463294	0.006520907	0.00051468244	0.004605469	624.0	2691.8398571014404
255	2000.0	5.842432	1.1963536	9.453618	2.5676131	5.840561	0.09297416	6.123123	5.7560186	512000	-5.960465e-11	1.0900717	2.1036507e-05	-0.0001860857	0.0063702175	5.3069816e-05	0.00039941407	624.0	2702.549439430237
256	2000.0	5.796804	1.1925678	9.529204	1.8670949	5.8255696	0.08603947	6.086698	5.75179	514000	-9.685755e-11	1.0773025	5.761065e-06	0.0002527237	0.006418676	8.098398e-05	0.001274414	624.0	2712.9459731578827
257	2000.0	5.8849955	1.1979563	9.594503	2.5132232	5.8391604	0.09363411	6.108623	5.7547374	516000	-1.2665988e-10	1.062395	-3.4323114e-06	0.000502944	0.00650498	2.4151715e-05	1.4648437e-05	624.0	2723.698795557022
258	2000.0	5.795142	1.2004433	9.553129	2.296808	5.870937	0.098538026	6.168939	5.7874465	518000	8.3446505e-10	1.1070162	0.00011865358	-0.00058341026	0.0063118334	0.00016033239	0.0026958007	624.0	2734.3266925811768
259	2000.0	5.87677	1.2290353	9.501076	2.0552065	5.8229213	0.09713657	6.100563	5.738497	520000	4.4703485e-10	1.1445175	1.2398205e-05	-0.0017924309	0.0064295772	6.881837e-05	0.0010581055	624.0	2744.6751787662506
260	2000.0	5.774914	1.1965206	10.473454	2.3585591	5.867231	0.09733751	6.152032	5.7809777	522000	5.3644184e-10	1.1009557	4.8583355e-05	-0.0017733574	0.006284965	0.00011904077	0.0020869141	624.0	2754.9459631443024
261	2000.0	5.8232145	1.2178514	10.016354	1.6106517	5.8431263	0.095447235	6.1330814	5.76734	524000	-6.258488e-10	1.1279054	5.4321143e-05	6.151199e-05	0.0062059476	7.200491e-05	0.00090380857	624.0	2765.2923786640167
262	2000.0	5.828735	1.2083861	9.439937	1.4908822	5.8432183	0.087188825	6.1220407	5.7728643	526000	9.685755e-11	1.0785527	-2.042644e-06	-0.0005953312	0.006124968	4.3550135e-05	0.00047216797	624.0	2776.0844926834106
263	2000.0	5.862614	1.2506493	10.055274	1.3195982	5.827188	0.10305067	6.128918	5.736275	528000	5.3644184e-10	1.1198177	1.9811676e-05	-0.0004892349	0.00611223	6.288487e-05	0.0013271484	624.0	2786.79469537735
264	2000.0	5.786651	1.1779538	10.948386	2.3819695	5.8685627	0.090027414	6.1295204	5.7881255	530000	-4.1723253e-10	1.0887415	-1.2309254e-06	-0.001142025	0.0061579514	6.722107e-05	0.0014858398	624.0	2797.138932943344
265	2000.0	5.8813024	1.2151692	10.549564	1.7642323	5.846797	0.091194086	6.1199403	5.772158	532000	-1.0728837e-09	1.0990733	8.2362356e-05	-0.00026977062	0.0061936285	0.00013538158	0.0014257813	624.0	2807.796832561493
266	2000.0	5.825029	1.2214707	10.307234	2.1755397	5.859389	0.08574768	6.1057854	5.7846394	534000	-8.046627e-10	1.0914392	2.4957062e-05	-0.000223279	0.0061290036	2.3758692e-05	0.00042675782	624.0	2818.222068786621
267	2000.0	5.870491	1.2006532	9.275347	2.0666466	5.828802	0.09614942	6.116145	5.7484655	536000	1.2367964e-09	1.1009278	3.2967568e-05	-0.00010585785	0.0061328094	7.630508e-05	0.0011435547	624.0	2829.0224165916443
268	2000.0	5.887831	1.2354239	9.867028	2.6491754	5.858436	0.10670679	6.164207	5.774208	538000	4.321337e-10	1.0891131	2.4599492e-05	0.00036787987	0.0060303602	6.8887006e-05	0.001184082	624.0	2839.8223888874054
269	2000.0	5.8505383	1.2064943	10.104745	2.0101385	5.8452053	0.0900012	6.121097	5.7721596	540000	-3.2782557e-10	1.0988033	1.5487492e-05	4.4107437e-05	0.006065203	5.5564884e-05	0.00063867186	624.0	2850.647732257843
270	2000.0	5.8051796	1.2020072	9.65856	1.9274337	5.837594	0.09642135	6.1139617	5.7483277	542000	5.066395e-10	1.1105169	-5.0247313e-06	-0.00016582012	0.0060706623	2.5318777e-05	1.3183594e-05	624.0	2861.397010087967
271	2000.0	5.872532	1.2400454	10.063929	2.4448864	5.8189535	0.098655455	6.099187	5.734247	544000	9.536744e-10	1.1251588	3.2184275e-06	-0.0002412796	0.005989303	4.9263745e-05	0.00036914062	624.0	2872.0002410411835
272	2000.0	5.79198	1.2015411	9.577538	1.3743483	5.838065	0.084687196	6.1011105	5.7683544	546000	1.5497208e-09	1.1047789	-1.6661883e-06	-0.0012207031	0.006025378	1.4783112e-05	0.0	624.0	2882.1186945438385
273	2000.0	5.795928	1.2239773	10.384499	1.9423616	5.8088956	0.10285419	6.115947	5.7216406	548000	4.321337e-10	1.07887	1.27672265e-05	0.0013020039	0.0059772604	3.875895e-05	0.00047802733	624.0	2892.3768424987793
274	2000.0	5.8922653	1.2153957	11.025392	2.450516	5.8374314	0.09594073	6.1361423	5.7647514	550000	5.960465e-11	1.1274756	8.2209604e-05	-0.00020635128	0.005992902	0.00012265408	0.0013579101	624.0	2903.1254053115845
275	2000.0	5.8964853	1.1516008	9.772974	2.3995674	5.9029436	0.09403519	6.1793575	5.82937	552000	-2.9802324e-11	1.043824	3.1275752e-06	0.00020420551	0.0060069333	4.68834e-05	0.0002504883	624.0	2913.9553513526917
276	2000.0	5.844125	1.1723887	9.970394	1.9744194	5.8965335	0.08062353	6.1241083	5.8280835	554000	3.2782557e-10	1.0610695	9.728254e-06	-0.00017786026	0.005963694	2.2386994e-05	0.00040966796	624.0	2924.705755710602
277	2000.0	5.87099	1.2154158	10.405423	2.569667	5.8410974	0.10525435	6.140963	5.7559795	556000	3.7252906e-11	1.1254579	0.00028626557	-0.0010210276	0.006001302	0.00037872224	0.004246582	624.0	2935.102967977524
278	2000.0	5.875604	1.1663327	9.073847	2.572247	5.863862	0.09837378	6.1566653	5.783048	558000	-2.9802324e-11	1.0623091	-3.2566487e-07	8.1419945e-05	0.005948924	1.4555773e-05	0.0	624.0	2945.8289773464203
279	2000.0	5.870899	1.2210357	10.092721	1.9049386	5.89156	0.09823239	6.173014	5.80489	560000	7.748604e-10	1.1136554	1.3953098e-05	-0.0004582405	0.005865927	5.4213622e-05	0.0008950195	624.0	2956.4927546977997
280	2000.0	5.791487	1.2453563	11.219686	1.9513532	5.8792524	0.10224977	6.1785173	5.7908487	562000	-1.5497208e-09	1.1296091	4.4325472e-05	-0.0034633875	0.0059176655	8.417771e-05	0.0008574219	624.0	2967.213819503784
281	2000.0	5.886307	1.2243514	11.862144	2.4882994	5.8265853	0.09557286	6.08346	5.734328	564000	-3.054738e-10	1.1353639	-1.0044239e-05	-0.0008586645	0.0060003065	1.545379e-05	0.0	624.0	2977.8745152950287
282	2000.0	5.8461485	1.222082	10.056311	2.4734685	5.8524294	0.09056879	6.1186447	5.7703304	566000	-1.1324883e-09	1.113636	0.00010027144	0.00013935566	0.0060462686	0.00019678203	0.002694336	624.0	2988.163071155548
283	2000.0	5.8509307	1.1952128	9.58006	2.3199792	5.8424773	0.10619473	6.1584086	5.7456794	568000	-2.6822092e-10	1.0949563	-2.0404905e-06	0.0012112856	0.0060238293	1.9048841e-06	1.6601563e-05	624.0	2998.549369096756
284	2000.0	5.906182	1.2029252	10.0237465	1.9827745	5.8756976	0.0935217	6.149288	5.795569	570000	-3.054738e-10	1.1020764	6.3116546e-05	0.00081276894	0.0059685335	0.00012358052	0.0023544922	624.0	3009.349153995514
285	2000.0	5.8770914	1.1877981	9.855531	2.5231423	5.8612094	0.09479764	6.146369	5.7850246	572000	-3.874302e-10	1.0728034	0.00013553462	6.8068504e-05	0.0059918114	0.00021095398	0.003283203	624.0	3020.1489355564117
286	2000.0	5.8172417	1.2152205	9.639641	1.9509289	5.850549	0.09444503	6.1246753	5.7680526	574000	1.4007092e-09	1.1133395	3.2188567e-05	0.0007715225	0.005962214	3.094416e-05	0.0005102539	624.0	3030.9066445827484
287	2000.0	5.8847103	1.1960044	9.542628	2.0764964	5.8728495	0.091354966	6.1232386	5.784007	576000	-2.9802324e-11	1.1017503	6.8961934e-05	-0.00017893314	0.005881049	8.954029e-05	0.00076269533	624.0	3041.543978691101
288	2000.0	5.88873	1.2223545	9.419797	0.96044374	5.8849216	0.094290525	6.163712	5.803357	578000	-4.4703485e-10	1.1134462	1.3395057e-05	4.7445297e-05	0.0059261704	8.652875e-05	0.0013769531	624.0	3051.7320189476013
289	2000.0	5.8313975	1.2039287	9.321339	1.923553	5.88254	0.092154965	6.159218	5.80069	580000	-5.066395e-10	1.0836987	6.8214096e-05	-0.000477314	0.0059447554	0.00012055445	0.0022788085	624.0	3061.9548132419586
290	2000.0	5.8273306	1.2244079	9.738117	2.5068543	5.8544097	0.10139733	6.162647	5.776794	582000	-1.6018749e-10	1.1339302	6.93303e-05	-0.00042629242	0.006003107	0.00010845678	0.0014575195	624.0	3072.220383644104
291	2000.0	5.8380795	1.2015378	9.579139	1.9371501	5.8423333	0.09333616	6.116859	5.757755	584000	7.4505807e-10	1.1048576	0.00012280277	-1.7404556e-05	0.0060418164	0.00012884279	0.0009350586	624.0	3082.496133327484
292	2000.0	5.878982	1.1612564	9.431907	1.3917509	5.8276925	0.097825706	6.124195	5.744176	586000	1.4901162e-10	1.0473853	6.197793e-05	-0.0015268326	0.0060213115	0.00015051624	0.002265625	624.0	3092.873363494873
293	2000.0	5.825426	1.2207954	9.86006	2.0855877	5.8813224	0.083746955	6.14036	5.8132734	588000	-1.7881394e-09	1.1157197	-6.4867737e-07	0.0012345314	0.006123746	1.0637837e-06	0.0	624.0	3103.5919528007507
294	2000.0	5.832088	1.1903489	9.522488	0.39521992	5.808549	0.09718389	6.0994506	5.724176	590000	5.960465e-10	1.0838991	0.00011035798	-0.00017654896	0.0061694235	0.00023051706	0.0031254883	624.0	3113.9825060367584
295	2000.0	5.853813	1.1945698	9.450775	2.4795165	5.8349175	0.09014971	6.108881	5.757143	592000	-3.129244e-10	1.0957848	8.5015e-06	-0.00042819977	0.0061263326	5.1372168e-05	0.00049853517	624.0	3124.677103996277
296	2000.0	5.82236	1.1888224	9.31931	2.4296057	5.8670807	0.086703025	6.13181	5.7932487	594000	-1.2740493e-09	1.0795313	4.971706e-06	-0.0011540651	0.0061060847	6.1008985e-05	0.0010195313	624.0	3134.991687774658
297	2000.0	5.8296022	1.1791269	9.886474	2.57863	5.848656	0.087174244	6.1080737	5.7754407	596000	2.3096801e-10	1.0776842	-1.13269025e-05	0.00017344952	0.0059814584	4.3231215e-05	0.00040673828	624.0	3145.3301985263824
298	2000.0	5.807889	1.1957247	9.808832	2.4026875	5.839316	0.08743724	6.0923195	5.757871	598000	1.7285348e-09	1.1103867	3.1739633e-05	-0.0004197359	0.006001447	8.670714e-05	0.0016352539	624.0	3155.701955795288
299	2000.0	5.828417	1.210935	9.625049	1.9359787	5.8212605	0.096072026	6.1201057	5.74669	600000	-5.960465e-11	1.0900671	-3.7451834e-06	0.0014958382	0.0058505023	3.385067e-05	1.953125e-05	624.0	3166.115567445755
300	2000.0	5.8331003	1.1360321	9.2472105	2.5742342	5.776	0.08451146	6.0129743	5.697975	602000	-6.007031e-10	1.0532826	4.8746668e-05	-0.001445055	0.0058172275	0.000105953746	0.0016230468	624.0	3176.912500143051
301	2000.0	5.899962	1.2598326	10.323357	2.0494666	5.7952538	0.09002925	6.0629888	5.7221875	604000	-1.1324883e-09	1.1420506	5.60208e-05	-0.0041012764	0.0056386273	0.00013846692	0.0020898439	624.0	3187.645037651062
302	2000.0	5.8163047	1.1932536	9.394046	2.0412	5.8433986	0.107607916	6.1549478	5.762564	606000	-1.2628735e-09	1.043259	7.022031e-05	-0.00019836426	0.0055922456	9.064417e-05	0.0011381836	624.0	3198.033313512802
303	2000.0	5.9090014	1.1961606	9.851362	2.1311862	5.8415675	0.094965406	6.106452	5.7587614	608000	2.0861626e-10	1.1031642	5.6416884e-05	-0.0013051033	0.005606867	0.00014888712	0.0021791991	624.0	3208.8143038749695
304	2000.0	5.871599	1.2406073	9.849957	2.145362	5.8573904	0.09998318	6.150431	5.766074	610000	8.642674e-10	1.1383264	3.2489806e-05	0.0003039837	0.0054947734	4.896267e-05	0.00053808594	624.0	3219.5967473983765
305	2000.0	5.89004	1.2196913	10.274021	1.934737	5.840005	0.10264459	6.1474247	5.753934	612000	6.5565114e-10	1.1263732	0.00013514468	-0.000692606	0.005451492	0.00022241229	0.003046875	624.0	3230.360456228256
306	2000.0	5.82605	1.2001237	9.306194	0.42424393	5.8615885	0.08191276	6.1148076	5.791235	614000	7.450581e-11	1.1033163	8.632183e-06	-0.00056767464	0.005511293	5.2874875e-05	0.00040966796	624.0	3241.098790407181
307	2000.0	5.8535614	1.1965519	9.302446	2.7789981	5.848209	0.0966283	6.1174	5.7542872	616000	0.0	1.0994824	5.0025854e-05	-0.0001872778	0.005343143	4.4448087e-05	0.000578125	624.0	3251.5390915870667
308	2000.0	5.8587265	1.2655846	9.4951	1.3918171	5.846473	0.08940228	6.105915	5.770072	618000	5.066395e-10	1.1637181	5.9181693e-05	-9.524822e-05	0.005345283	0.0001473921	0.0023623046	624.0	3262.243141889572
309	2000.0	5.8412905	1.2154589	9.404913	1.0924813	5.831557	0.11459641	6.1508884	5.72933	620000	-8.4936624e-10	1.1140724	1.3590351e-05	-0.00046658516	0.0053805206	8.980734e-05	0.0014282226	624.0	3272.6083369255066
310	2000.0	5.871406	1.1915587	11.38533	2.3171635	5.8403115	0.092710726	6.1067066	5.7564535	622000	4.4703484e-11	1.0765152	2.4430112e-05	-0.00029194355	0.0053839097	9.351152e-05	0.0015805664	624.0	3283.289801836014
311	2000.0	5.8787565	1.2460409	9.518671	1.1219436	5.851208	0.0930501	6.1173186	5.7681136	624000	5.476177e-10	1.1558425	0.000112819864	-0.0002822876	0.0054151854	0.0001944714	0.0027519532	624.0	3293.5213413238525
312	2000.0	5.8882246	1.2468477	9.9377775	1.8980644	5.8820596	0.11403675	6.217653	5.789154	626000	1.15484e-09	1.1362133	9.459413e-06	-0.00030517578	0.005292594	1.0497349e-05	1.6601563e-05	624.0	3304.204479455948
313	2000.0	5.8346367	1.2116503	9.221995	1.6432115	5.8782086	0.1017112	6.173476	5.78579	628000	6.5565114e-10	1.1416368	0.00012296827	-5.4240227e-05	0.0053619933	0.00014608474	0.0017397461	624.0	3314.9071464538574
314	2000.0	5.8368673	1.2325091	9.63787	2.4390857	5.8491983	0.09580748	6.1302524	5.763212	630000	-1.8626452e-10	1.0942554	-4.2071492e-06	0.0005850792	0.005302218	7.834172e-06	2.2460938e-05	624.0	3325.3248171806335
315	2000.0	5.775395	1.1983143	9.744381	2.4843404	5.8622513	0.101215884	6.1502743	5.7730694	632000	-1.3113023e-09	1.0751505	-9.2568996e-07	-0.0024961233	0.0053969375	5.1903226e-06	4.8339843e-05	624.0	3336.059116601944
316	2000.0	5.862751	1.2556107	9.751675	1.0184119	5.8133063	0.11014696	6.145795	5.719372	634000	9.089709e-10	1.1269984	0.00020279351	-0.0015684366	0.0053330353	0.00021423827	0.0010751953	624.0	3346.4349596500397
317	2000.0	5.7666044	1.2289363	9.241451	2.1801138	5.8448167	0.099376984	6.142097	5.762503	636000	1.7136337e-10	1.1146815	-7.4809793e-07	-0.002389431	0.0052917474	1.8041866e-06	0.0	624.0	3356.8154294490814
318	2000.0	5.9086876	1.2351841	10.02564	2.147955	5.809149	0.094730034	6.0854945	5.728737	638000	-6.3329936e-10	1.1414886	0.00027973077	-0.001974821	0.005266825	0.00052288483	0.004312012	624.0	3367.4844040870667
319	2000.0	5.836353	1.1998314	9.855831	2.3689642	5.90316	0.07945847	6.1394815	5.8309183	640000	-5.066395e-10	1.0809213	-9.73344e-07	-0.0021032095	0.005267154	9.241506e-06	0.0	624.0	3377.797070980072
320	2000.0	5.85995	1.1989673	10.0192795	2.3503945	5.8692756	0.10391555	6.167946	5.7786593	642000	-8.3446505e-10	1.0793746	5.2329513e-05	0.00012874603	0.0052951197	5.774813e-05	0.00059521483	624.0	3388.557085752487
321	2000.0	5.838345	1.2700123	9.93064	1.5988097	5.861371	0.08693951	6.1174135	5.7836666	644000	-1.013279e-09	1.1347421	6.321323e-05	0.000954628	0.0053447555	0.00013167088	0.002097168	624.0	3399.3559539318085
322	2000.0	5.8695087	1.2487334	10.850641	1.8699933	5.8243995	0.10802953	6.149773	5.734858	646000	3.2782557e-10	1.1245136	3.9023163e-07	-0.0017974377	0.0053606685	1.9211968e-05	0.00013183594	624.0	3410.0574107170105
323	2000.0	5.858102	1.2332729	9.830075	2.0948462	5.8795533	0.098976694	6.171101	5.795684	648000	9.387732e-10	1.1041672	1.3505623e-05	0.0013147593	0.0054381154	7.882108e-05	0.0016220703	624.0	3420.328864336014
324	2000.0	5.8972435	1.2396717	10.154712	2.2660792	5.8258166	0.104900435	6.130009	5.7388396	650000	1.4901162e-11	1.1293206	7.5403725e-05	-0.0011914968	0.005393782	7.231559e-05	0.000734375	624.0	3430.627098798752
325	2000.0	5.8485413	1.1805248	9.988709	2.4634142	5.837441	0.10007854	6.1359606	5.7507877	652000	-5.7742e-10	1.0935662	0.00012890057	0.00032556057	0.005326264	0.00025913157	0.0029633788	624.0	3441.035266637802
326	2000.0	5.8810844	1.2230318	9.940981	1.8984243	5.8240914	0.105996914	6.138062	5.734394	654000	2.6822092e-10	1.132981	2.8873357e-05	-0.00046420097	0.0052500134	2.5693505e-05	0.0004321289	624.0	3451.7473306655884
327	2000.0	5.816722	1.2282628	9.381881	2.0263407	5.8429313	0.10155517	6.1499267	5.7593427	656000	8.046627e-10	1.115417	-3.915608e-06	-0.00020122528	0.0053008646	8.3208994e-07	0.0	624.0	3462.109714746475
328	2000.0	5.8538456	1.2848481	9.967095	1.3425204	5.813543	0.096802495	6.103001	5.734649	658000	2.9802324e-11	1.1769114	5.1471966e-06	0.0007339716	0.005215414	1.6278278e-05	0.00015185546	624.0	3472.496162176132
329	2000.0	5.8166165	1.1861718	9.484583	2.3536353	5.873594	0.10602338	6.172271	5.7738905	660000	2.9802324e-10	1.077767	1.3465435e-05	-0.00087559223	0.005161039	2.5474084e-05	0.00034326172	624.0	3483.1638247966766
330	2000.0	5.8312964	1.1990876	10.036664	2.2392793	5.8538733	0.09150695	6.123255	5.7734394	662000	-7.4505807e-10	1.094419	5.8881316e-05	0.00055742264	0.0050875065	5.843609e-05	0.0006591797	624.0	3493.469704389572
331	2000.0	5.88226	1.1297008	9.319882	1.5808885	5.8637524	0.0948194	6.143524	5.7819657	664000	-5.2154064e-10	1.0303557	2.027178e-05	-0.00027167797	0.0050982726	8.56171e-05	0.0013061523	624.0	3503.8668489456177
332	2000.0	5.8447165	1.1634598	10.069446	1.9814816	5.8653092	0.087366804	6.115996	5.78392	666000	-5.960465e-10	1.030923	1.7213524e-06	-5.5789948e-05	0.005127999	6.455911e-06	0.0	624.0	3514.642155647278
333	2000.0	5.887493	1.2393312	9.525679	2.478218	5.8503976	0.08550072	6.1082	5.775152	668000	1.0430813e-09	1.1280334	2.1736267e-05	0.00038290024	0.0051603704	4.6357643e-05	0.0006279297	624.0	3525.427211523056
334	2000.0	5.8075686	1.2338648	9.371235	1.6278607	5.882152	0.089187786	6.154011	5.8075266	670000	0.0	1.131351	-7.3570016e-07	-0.0014656782	0.0050759907	4.1129315e-05	0.00049316406	624.0	3535.8565323352814
335	2000.0	5.9062977	1.2260572	10.596918	2.2755582	5.8547907	0.09197896	6.123636	5.770931	672000	-1.7508865e-10	1.109156	3.4931658e-05	-0.00093102455	0.0050271996	7.012887e-05	0.0011953125	624.0	3546.57564163208
336	2000.0	5.8582892	1.2087033	9.862513	2.447177	5.879728	0.087548696	6.1394076	5.8013377	674000	-3.2782557e-10	1.0939957	4.958241e-05	-0.00014162064	0.0050311955	0.00013067003	0.0018105468	624.0	3557.154615163803
337	2000.0	5.8763037	1.2327586	9.705109	2.377993	5.842577	0.09734785	6.1267095	5.760727	676000	-2.5331975e-10	1.1135272	5.3264263e-05	4.9352646e-05	0.0049814805	5.682307e-05	0.0006542969	624.0	3567.3510127067566
338	2000.0	5.80042	1.2474169	9.901724	2.0629709	5.8500357	0.10470168	6.1546345	5.7563047	678000	-7.450581e-11	1.1078926	3.320907e-05	-0.00057160854	0.004995334	4.8276175e-05	0.0007236328	624.0	3577.706288099289
339	2000.0	5.8629236	1.181233	9.878952	2.3089852	5.818654	0.10669059	6.119	5.7219634	680000	2.8312208e-10	1.0925679	-1.1581257e-06	-0.00041246414	0.005141349	2.7031881e-05	0.000100097655	624.0	3588.4574360847473
340	2000.0	5.8702183	1.2355791	10.339452	1.8913876	5.821785	0.09212151	6.090347	5.740713	682000	-1.3113023e-09	1.095644	5.559151e-05	-0.0019087791	0.005075206	0.00011585447	0.0020073242	624.0	3598.913899421692
341	2000.0	5.811426	1.2356876	10.031053	1.7096673	5.8866653	0.098586395	6.1628566	5.791891	684000	8.3446505e-10	1.1045614	4.8988568e-05	-0.001177311	0.0051461714	4.3912976e-05	0.0005107422	624.0	3609.6523933410645
342	2000.0	5.86536	1.2086276	10.033645	2.291657	5.8511243	0.09137041	6.1348114	5.772225	686000	-9.536744e-10	1.0761411	4.7777357e-05	3.8146973e-06	0.005032722	0.000103943836	0.0019384766	624.0	3620.0344998836517
343	2000.0	5.8468437	1.1996372	9.929345	2.3619356	5.8512316	0.10671469	6.1629963	5.761061	688000	5.7742e-10	1.1133083	0.00019634923	-0.0002965927	0.005170082	0.00020450546	0.0010307617	624.0	3630.730280637741
344	2000.0	5.8802915	1.186846	10.560468	2.4273424	5.8565392	0.09592912	6.1485424	5.7734036	690000	-2.9802324e-10	1.0800102	1.3486893e-05	0.0004696846	0.0050617554	8.60997e-05	0.0011074218	624.0	3641.3549880981445
345	2000.0	5.8671618	1.20403	9.529971	1.7806358	5.8266215	0.08970945	6.100367	5.7493653	692000	-1.039356e-09	1.12483	1.727881e-05	-0.0003591776	0.0049701077	2.9232971e-05	0.00037597655	624.0	3651.713358640671
346	2000.0	5.906576	1.1712648	9.949382	1.9367324	5.8542066	0.10350957	6.141973	5.7622366	694000	1.4305115e-09	1.1033446	-6.34417e-07	1.013279e-05	0.004882688	-1.0463525e-08	0.0	624.0	3662.4350187778473
347	2000.0	5.8199263	1.2121675	9.6571	2.4468415	5.8510795	0.089461744	6.1144347	5.769373	696000	5.066395e-10	1.0841854	3.3461156e-06	-0.00010359287	0.0049684895	7.0730116e-06	0.0	624.0	3672.884016752243
348	2000.0	5.8828607	1.2418809	9.945762	1.9447916	5.8473325	0.09197449	6.12231	5.7690663	698000	-8.940697e-10	1.178048	2.5663705e-05	-0.0006439686	0.0049786703	0.00010722365	0.0017504883	624.0	3683.601220369339
349	2000.0	5.803561	1.220541	9.485231	2.3067083	5.868451	0.09184167	6.146819	5.789942	700000	-1.4901162e-10	1.0858405	1.0298119e-06	-0.0017831326	0.0049584196	3.009268e-06	0.0	624.0	3693.8901419639587
350	2000.0	5.803591	1.2007772	9.440853	2.5884411	5.8076878	0.09269597	6.0812435	5.7299333	702000	5.6624416e-10	1.1115212	2.5850533e-05	0.00010585785	0.0049301353	6.055892e-05	0.0011611328	624.0	3704.1895673274994
351	2000.0	5.8930593	1.1524453	9.557856	1.4815816	5.8063197	0.10445937	6.112139	5.716356	704000	9.536744e-10	1.0707085	0.000107828026	-0.003159523	0.004904205	0.00021574863	0.0026171876	624.0	3714.463060617447
352	2000.0	5.9000835	1.1991123	10.462734	2.543143	5.864367	0.09299023	6.1258645	5.780829	706000	-2.6822092e-10	1.0797417	8.6218125e-07	-0.00065767765	0.0049155434	3.170771e-05	0.00029248046	624.0	3724.81973862648
353	2000.0	5.843757	1.1858093	9.635065	2.302131	5.8821397	0.08950929	6.1434608	5.8010077	708000	1.4156104e-09	1.0860494	3.4409673e-05	-3.1232834e-05	0.0048424467	3.2755383e-05	0.00042626954	624.0	3735.4943952560425
354	2000.0	5.8485336	1.2013528	9.567908	2.0502062	5.8367944	0.09871644	6.1287513	5.756148	710000	4.0233136e-10	1.0789648	6.384967e-05	5.197525e-05	0.0048331884	0.00015339801	0.0022949218	624.0	3745.7548983097076
355	2000.0	5.8271875	1.2219675	9.19643	1.9659545	5.841635	0.09403759	6.1203012	5.761148	712000	1.7732382e-09	1.1345621	0.00013468447	-1.835823e-05	0.004815347	0.00024302835	0.002675293	624.0	3756.148851633072
356	2000.0	5.8419957	1.1908824	9.624292	1.7268556	5.835789	0.08390019	6.0945244	5.7642546	714000	-4.768372e-10	1.0766765	8.640537e-05	0.00038313866	0.0047799386	9.159983e-05	0.00075048825	624.0	3766.8780324459076
357	2000.0	5.855094	1.1931622	9.214924	2.0084536	5.8160076	0.09538485	6.0922475	5.7287455	716000	-3.054738e-10	1.0788639	4.0967916e-06	-0.00021541119	0.0047811517	2.4176497e-06	1.8066406e-05	624.0	3777.2912158966064
358	2000.0	5.8441305	1.2168224	9.715781	2.3819287	5.8254776	0.08737142	6.09048	5.755392	718000	-1.6689301e-09	1.1115031	-1.0603965e-06	5.054474e-05	0.0048471643	8.63953e-06	0.0	624.0	3788.068459033966
359	2000.0	5.829088	1.2012765	8.953384	1.9304919	5.819283	0.0914373	6.091628	5.736341	720000	1.0207296e-09	1.0893128	4.8521597e-05	0.0015625954	0.0048001166	5.9375237e-05	0.00058203127	624.0	3798.8485391139984
360	2000.0	5.8649616	1.2457521	9.475773	2.3448086	5.7866344	0.09772166	6.0722184	5.703133	722000	-8.3446505e-10	1.1199808	-1.1754513e-05	-0.00076663494	0.00498422	3.576471e-05	0.00017333984	624.0	3809.597268342972
361	2000.0	5.88673	1.2464674	9.316365	1.9140685	5.864589	0.09491289	6.144947	5.7835007	724000	4.4703484e-11	1.1178364	8.351565e-06	0.00046730042	0.0048859157	4.508662e-05	0.00091259764	624.0	3820.3093836307526
362	2000.0	5.818925	1.2087059	9.744189	2.347805	5.909968	0.09628104	6.1932693	5.8274603	726000	-3.2782557e-10	1.0962256	4.045457e-06	-0.0017747879	0.004952948	5.1613115e-05	0.0009951172	624.0	3830.7114322185516
363	2000.0	5.820718	1.2274615	9.803155	2.4225893	5.8615003	0.10839651	6.168025	5.7628803	728000	3.7252906e-11	1.1165242	9.376832e-06	-0.0005711317	0.0048836055	6.996859e-05	0.0011337891	624.0	3841.4824068546295
364	2000.0	5.867556	1.2738061	10.268358	0.81294477	5.849397	0.09301479	6.1211705	5.7738857	730000	1.2516976e-09	1.1572007	1.9634219e-05	0.000500679	0.004854676	4.30865e-05	0.0004296875	624.0	3852.1654963493347
365	2000.0	5.878211	1.237086	9.961172	1.2731341	5.84013	0.10146257	6.1309366	5.7517476	732000	5.2154066e-11	1.1150042	7.186719e-05	-0.00092971325	0.004780079	0.0001687733	0.0024272462	624.0	3862.523962020874
366	2000.0	5.893508	1.1825197	9.081566	2.8622823	5.8651266	0.09472196	6.1390543	5.7840834	734000	1.192093e-10	1.0844257	0.00013266322	-0.00037026405	0.004705497	0.00024096011	0.0028535156	624.0	3873.2173113822937
367	2000.0	5.8572326	1.2749232	10.007281	2.2589757	5.9121943	0.088506855	6.1772075	5.8395452	736000	6.109476e-10	1.1513579	4.11995e-05	-0.0007711649	0.0046859737	4.0980907e-05	0.00049853517	624.0	3883.448766231537
368	2000.0	5.8858733	1.1814431	10.907502	1.9780517	5.877218	0.09994705	6.1749687	5.791634	738000	-2.384186e-10	1.060856	2.5033953e-07	0.0006916523	0.004733472	1.6403228e-05	0.00016308593	624.0	3893.783812522888
369	2000.0	5.904891	1.2448167	9.454882	1.7571921	5.843807	0.09222955	6.122152	5.759857	740000	-1.2367964e-09	1.1538059	1.0800645e-05	-0.001961112	0.004697669	2.8377259e-05	0.0002792969	624.0	3904.1093146800995
370	2000.0	5.816819	1.2424623	10.007242	2.1095715	5.8797646	0.083471075	6.128822	5.812639	742000	3.5762787e-10	1.1330494	0.00010488008	-0.0011366606	0.0047018365	0.00013854085	0.0021757812	624.0	3914.462943315506
371	2000.0	5.883803	1.2690331	10.123363	1.9010825	5.8702755	0.09754245	6.1612353	5.784986	744000	-5.960465e-11	1.1526192	1.1150301e-05	5.722046e-06	0.0045855576	4.444871e-05	0.0007324219	624.0	3925.162719488144
372	2000.0	5.881611	1.2017444	10.698498	1.5109549	5.8601947	0.09715385	6.1270275	5.7697797	746000	1.2814999e-09	1.0746334	-9.981915e-06	0.00012469292	0.0046741758	6.6990455e-05	0.0010805664	624.0	3935.5267820358276
373	2000.0	5.8712487	1.1847878	10.02401	1.5398853	5.8514733	0.097995825	6.1304655	5.7657084	748000	-2.6226046e-09	1.0885996	0.0002605372	-0.00043690205	0.0047218786	0.00023337113	0.001050293	624.0	3946.296676635742
374	2000.0	5.8258924	1.1936698	9.406516	2.7991061	5.860177	0.091595955	6.120308	5.77408	750000	-2.0861626e-10	1.0863023	6.893577e-05	0.00015628338	0.0048068333	5.612134e-05	0.00063183595	624.0	3957.029590368271
375	2000.0	5.8446236	1.1795428	9.506926	1.7747115	5.864384	0.08867577	6.12967	5.783326	752000	-8.195639e-10	1.068899	5.6320976e-05	-0.00012636185	0.0045970334	6.204606e-05	0.00057617185	624.0	3967.4459450244904
376	2000.0	5.851204	1.2194104	9.944048	1.7300804	5.859951	0.090654984	6.120001	5.7818995	754000	-4.6193602e-10	1.083866	2.8967532e-05	0.0002733469	0.00475702	9.537041e-05	0.0013613282	624.0	3978.168964624405
377	2000.0	5.890767	1.2452319	9.58633	1.8931152	5.849932	0.097608335	6.1270027	5.7628856	756000	5.066395e-10	1.1246634	3.2925593e-05	-0.00013315678	0.004671037	8.552438e-05	0.0015307617	624.0	3988.9576666355133
378	2000.0	5.757779	1.1973828	9.050058	1.827915	5.8665504	0.08497201	6.130826	5.795787	758000	9.2387203e-10	1.0820223	-3.4219922e-06	-0.0044442415	0.004730284	1.4630688e-05	0.00010498047	624.0	3999.7262239456177
379	2000.0	5.9000416	1.2146202	9.85005	2.5913613	5.7996993	0.08757736	6.0606613	5.7215853	760000	-7.860363e-10	1.0858606	5.4182354e-05	-0.0027598143	0.0047599357	0.00011754861	0.0018955078	624.0	4010.504301548004
380	2000.0	5.86082	1.2247264	9.970966	1.9615676	5.848671	0.08472367	6.105115	5.774019	762000	3.7252904e-10	1.1142775	1.0138735e-05	-0.00014865398	0.0046850895	2.8395993e-05	0.00034814453	624.0	4021.285185098648
381	2000.0	5.8806496	1.2336406	10.007973	2.27872	5.8534513	0.099982455	6.1410522	5.760571	764000	0.0	1.1383076	5.757356e-05	-0.00029587746	0.004770456	0.00012953175	0.0019345703	624.0	4032.006590604782
382	2000.0	5.821906	1.2147852	9.717048	2.5000792	5.8669486	0.09964558	6.1540256	5.7762666	766000	0.0	1.1141106	5.0852004e-06	-0.0017501116	0.004770358	2.1195527e-05	2.34375e-05	624.0	4042.272228002548
383	2000.0	5.8214154	1.2104814	10.275401	2.4301019	5.813713	0.1034246	6.115727	5.72733	768000	1.013279e-09	1.1372797	0.00017107627	0.00084483624	0.004774961	0.0002485085	0.0028828124	624.0	4052.485491037369
384	2000.0	5.7978606	1.1853673	9.623712	2.40902	5.843958	0.08501196	6.106964	5.771848	770000	0.0	1.079754	0.000110052235	-0.00021147728	0.0048332713	9.0051435e-05	0.00079638674	624.0	4062.7710185050964
385	2000.0	5.871661	1.2126195	10.400877	1.0637511	5.835574	0.08575642	6.1026506	5.761941	772000	-5.2154066e-11	1.1263125	-2.7195404e-06	-0.00047707558	0.004746956	4.572906e-06	3.2714845e-05	624.0	4073.086995124817
386	2000.0	5.8872766	1.1742424	9.254055	1.9598408	5.85401	0.09771563	6.143136	5.7721167	774000	-2.5331975e-10	1.0568249	5.8068093e-05	-0.00024724007	0.0047319643	0.00013772454	0.0021083984	624.0	4083.3761320114136
387	2000.0	5.8630285	1.2086082	10.412985	2.0109606	5.8966417	0.09251114	6.1724057	5.8168206	776000	4.1723253e-10	1.0889858	5.998704e-05	0.00013625622	0.0047293147	0.00011368509	0.0020253905	624.0	4093.7278492450714
388	2000.0	5.8211355	1.2320628	10.546821	2.4560728	5.900189	0.095325075	6.1797047	5.8199725	778000	2.961606e-10	1.1242002	6.0931205e-05	-0.00031638145	0.0046982937	0.00011723216	0.00203125	624.0	4104.489852428436
389	2000.0	5.854842	1.2164786	9.659913	1.9586456	5.8585324	0.10964277	6.165799	5.758685	780000	5.5134297e-10	1.0852237	1.745835e-06	0.000151515	0.004673456	1.0168713e-05	5.2246094e-05	624.0	4115.268512964249
390	2000.0	5.7698965	1.2049205	9.304645	2.3528967	5.87244	0.090000935	6.1407022	5.799163	782000	5.6624416e-10	1.105946	3.0849875e-05	-0.0034492016	0.004675135	8.132086e-05	0.0014956055	624.0	4125.670109033585
391	2000.0	5.881837	1.2545781	9.727381	1.8828611	5.827404	0.0969796	6.1076107	5.740103	784000	-3.5762787e-10	1.1309572	-1.6452819e-06	-0.00013744831	0.0047085644	1.2844416e-05	4.8828124e-06	624.0	4136.474847316742
392	2000.0	5.8966637	1.2037184	9.284124	2.3784966	5.8365006	0.09501713	6.0998955	5.7523327	786000	2.7567149e-10	1.085549	9.91915e-05	-0.0011700392	0.0045799795	0.00011534195	0.0012924805	624.0	4147.208758831024
393	2000.0	5.8999224	1.2039453	10.4906645	2.5540903	5.8674197	0.096997365	6.1527386	5.7865505	788000	-1.0728837e-09	1.1026297	0.00010048372	-0.00066649914	0.0046359645	0.00012264687	0.0013120117	624.0	4157.446889877319
394	2000.0	5.813046	1.184243	9.782842	2.4691865	5.886978	0.0843017	6.132844	5.815426	790000	1.0430813e-09	1.0791095	8.024782e-06	-0.0015176535	0.004526867	3.456679e-05	0.00060058595	624.0	4168.080057859421
395	2000.0	5.818063	1.2382072	9.857751	2.0479834	5.827196	0.08456304	6.0773063	5.7507763	792000	-2.2351742e-11	1.1054204	1.6100772e-05	0.0027024746	0.0045525846	5.849351e-05	0.0010024414	624.0	4178.763168811798
396	2000.0	5.837679	1.2187244	9.861279	2.4654799	5.7524137	0.09483022	6.0214157	5.6654296	794000	-9.1642144e-10	1.1365566	1.0522732e-05	-0.0016922951	0.0045756274	2.8915636e-05	0.0003305664	624.0	4189.107584476471
397	2000.0	5.89939	1.2045538	10.741839	2.7718177	5.7884207	0.09397169	6.068427	5.709644	796000	6.519258e-11	1.0749816	4.9810144e-05	-0.0038366318	0.004615444	3.865672e-05	0.00056933594	624.0	4199.517606496811
398	2000.0	5.7994046	1.1908083	9.327755	2.2763066	5.8405414	0.09405792	6.1132154	5.755785	798000	5.960465e-10	1.0888568	-3.1246543e-06	-0.0002360344	0.0045944187	1.3197338e-05	2.0507812e-05	624.0	4210.304428815842
399	2000.0	5.7533293	1.2079285	9.782669	1.8362277	5.834249	0.08911044	6.086112	5.746855	800000	-4.3958429e-10	1.134011	1.8117124e-05	-0.0021122694	0.004426091	4.1675998e-05	0.0003857422	624.0	4220.658679485321
