Epoch	EpLen	AvgRet	StdRet	MaxRet	MinRet	AvgVVals	StdVVals	MaxVVals	MinVVals	TotalEnvInteracts	LossPi	LossV	DeltaLossPi	DeltaLossV	Entropy	KL	ClipFrac	StopIter	Time
0	2000.0	0.05428413	0.22836868	0.9052157	-0.75471747	-0.07987848	0.011930011	-0.05054114	-0.10321764	2000	3.7997963e-10	0.04929142	-0.0073911985	-0.010053147	0.6890996	0.011387668	0.173583	146.0	11.035177230834961
1	2000.0	0.18390754	0.2579541	1.32046	-0.4981212	-0.01573026	0.07302331	0.24974898	-0.23844913	4000	1.7881394e-10	0.059847698	-0.0046372055	-0.011285789	0.6794339	0.0096574295	0.1182041	336.0	20.107926607131958
2	2000.0	0.4367187	0.3373549	1.7638394	-0.33719948	0.09089119	0.07317426	0.44675654	-0.096594065	6000	1.0728837e-09	0.12587728	-0.0045388415	-0.03711441	0.652429	0.009028827	0.092999026	58.0	27.35688066482544
3	2000.0	0.74857026	0.42300346	2.5382028	-0.2256456	0.28294393	0.07266031	0.671578	0.117135	8000	1.564622e-09	0.21491061	-0.005019176	-0.07040948	0.6285476	0.0066038575	0.07657031	624.0	38.3879177570343
4	2000.0	1.0835326	0.4842206	2.8470008	-0.13278614	0.5550049	0.06921231	0.8797148	0.41784254	10000	-2.9802324e-11	0.28044027	-0.00480943	-0.08799772	0.5851746	0.0048051355	0.029395508	624.0	49.51675271987915
5	2000.0	1.4672815	0.5317093	3.0679893	0.017764049	0.8592661	0.062196624	1.1326983	0.73790306	12000	7.003546e-10	0.36123887	-0.0039765877	-0.119856894	0.5411997	0.0041205687	0.026179688	624.0	60.518430948257446
6	2000.0	1.8576913	0.6033769	3.7089562	0.25154382	1.2101219	0.07404577	1.5612452	1.085836	14000	-4.1723253e-10	0.42449638	-0.0033759873	-0.12928092	0.4955912	0.0038451084	0.02225586	624.0	71.55466198921204
7	2000.0	2.1621492	0.614441	3.9071465	0.7496083	1.5914277	0.07204453	1.9539984	1.471825	16000	-1.013279e-09	0.41151154	-0.0031500356	-0.107364774	0.45685616	0.0026479766	0.00990918	624.0	82.50949168205261
8	2000.0	2.4708788	0.65808827	4.5886836	0.6940622	1.9263899	0.0679491	2.2326574	1.8144532	18000	1.4305115e-09	0.45270178	-0.0026121875	-0.10709944	0.4150178	0.0024779646	0.022508789	624.0	93.40978002548218
9	2000.0	2.6832833	0.63575315	4.8404717	0.69719976	2.258599	0.06628719	2.5570116	2.1614406	20000	4.768372e-10	0.39284676	-0.0022879448	-0.057738513	0.3760642	0.0021078773	0.0347334	624.0	104.41817808151245
10	2000.0	2.9371486	0.636997	5.278817	0.9295666	2.506799	0.0634426	2.806786	2.4050486	22000	-8.940697e-10	0.39711836	-0.0018040566	-0.062211603	0.33633682	0.0025037553	0.047572266	624.0	115.3495135307312
11	2000.0	3.1668916	0.7319944	5.405783	0.9384806	2.7394226	0.06676074	3.0049095	2.6308205	24000	3.2782557e-10	0.45986268	-0.0012081389	-0.0600183	0.29764038	0.0012879631	0.023585938	624.0	126.32559323310852
12	2000.0	3.338964	0.66613686	5.4286356	1.4803953	2.9898891	0.0753301	3.3092515	2.8666837	26000	6.5565114e-10	0.39858773	-0.00089656585	-0.03606063	0.27741614	0.0021218408	0.04042969	624.0	137.25974345207214
13	2000.0	3.4395986	0.7387227	5.5748196	1.2479639	3.1730635	0.059982054	3.4335713	3.0737643	28000	8.940697e-10	0.42004243	-0.0008519597	-0.022669494	0.24762702	0.0009242909	0.0142148435	624.0	148.21708416938782
14	2000.0	3.5221105	0.72025514	5.5416865	1.4910687	3.3305054	0.07630938	3.664189	3.2175617	30000	-7.748604e-10	0.4175377	-0.0007862357	-0.013693154	0.22522707	0.0011097194	0.013016602	624.0	159.234313249588
15	2000.0	3.628221	0.7500263	5.7110796	1.6323974	3.4446354	0.07311347	3.7281227	3.351026	32000	5.960465e-10	0.4247114	-0.00061147084	-0.010585934	0.2026861	0.000934197	0.011526368	624.0	170.18219900131226
16	2000.0	3.7202487	0.74097973	5.8209157	1.4759847	3.5480468	0.060247052	3.8278546	3.4540262	34000	-7.1525574e-10	0.41771343	-0.0004612635	-0.008146137	0.18280585	0.0003131439	0.003935547	624.0	181.17452788352966
17	2000.0	3.7714012	0.8046256	6.980964	1.5752679	3.6137068	0.05100914	3.8653386	3.557692	36000	1.7881394e-10	0.44159386	-0.00036719468	-0.0053126216	0.17591386	0.0005829886	0.002946289	624.0	192.22135853767395
18	2000.0	3.7921367	0.70587265	5.6930447	1.7483027	3.7001379	0.070817366	4.036137	3.6163116	38000	-2.384186e-10	0.40164268	-0.0003969378	-0.0020274818	0.1640636	0.00032155387	0.0012041016	624.0	203.21847081184387
19	2000.0	3.8336496	0.7449286	6.8137116	1.7547741	3.7716103	0.054021772	3.987708	3.6993623	40000	3.2782557e-10	0.41577607	-0.00029129066	-0.0008173287	0.1547781	0.0005130325	0.0074677733	624.0	214.39338612556458
20	2000.0	3.9371667	0.7190589	5.9287095	2.1297078	3.7910836	0.05968488	4.036649	3.7055888	42000	-5.960465e-11	0.41354817	-0.00027471798	-0.008466542	0.13943742	0.0002458807	0.0012939454	624.0	225.48463892936707
21	2000.0	3.9440598	0.68892646	6.3355174	1.886908	3.887606	0.059538595	4.1446733	3.80332	44000	-2.6822092e-10	0.39117497	-0.0002096142	-0.0008171797	0.13365163	0.00035609753	0.0009648437	624.0	236.55446457862854
22	2000.0	3.9573646	0.73849475	6.1057677	2.0824618	3.915802	0.07341045	4.2501945	3.8250163	46000	6.8545347e-10	0.40180045	3.7432106e-05	-0.00084623694	0.12656668	0.00061937055	0.008697266	624.0	247.67172980308533
23	2000.0	3.9831405	0.77212113	6.187333	1.6113833	3.9427729	0.07293554	4.2510347	3.8292372	48000	-2.9802324e-10	0.44412687	-0.00013760649	-0.0014926791	0.1211101	0.00025412656	0.0022978515	624.0	258.7027122974396
24	2000.0	3.991069	0.7561944	6.205439	1.4988163	3.9675384	0.0671153	4.26936	3.8770933	50000	-1.2516976e-09	0.41894847	-6.472612e-05	0.0001167357	0.113217585	0.0006903032	0.0054013673	624.0	269.71919083595276
25	2000.0	3.9898744	0.7599444	6.2007036	1.9413248	3.9747384	0.06979888	4.2892594	3.8841279	52000	4.991889e-10	0.43290198	-6.785385e-05	0.00017341971	0.10851837	0.00020734071	0.0019052734	624.0	280.6893222332001
26	2000.0	3.9870536	0.7540253	6.3813524	1.825409	3.995074	0.06646525	4.315262	3.9157133	54000	1.5199185e-09	0.42550394	2.9427916e-05	-0.0002257824	0.104527354	0.0005199227	0.006310547	624.0	291.64645886421204
27	2000.0	4.04007	0.7406671	6.307281	2.036194	3.9799223	0.06083164	4.2334514	3.9011338	56000	-6.8545347e-10	0.42245093	-9.95687e-05	-0.0016805232	0.09971211	0.00020344571	0.0009052734	624.0	302.6501958370209
28	2000.0	4.0216064	0.77184546	6.2511363	1.8171102	4.0405807	0.06585172	4.3266354	3.9467154	58000	-3.5762787e-10	0.44079757	-7.556266e-05	-1.0788441e-05	0.096231095	0.00022915154	0.00171875	624.0	313.6151955127716
29	2000.0	4.0477533	0.7585164	6.481866	1.811658	4.0249834	0.059312303	4.3177056	3.9636703	60000	-2.0861626e-10	0.41140842	-2.6797698e-05	0.0005026758	0.09352286	0.00026670168	0.0016132812	624.0	324.56292939186096
30	2000.0	4.028303	0.74441874	6.6238337	2.1968665	4.0061874	0.05811664	4.28821	3.9346948	62000	-2.9802324e-11	0.40595654	-2.97846e-05	-0.00010791421	0.09225269	0.00065141515	0.007940429	624.0	335.61027336120605
31	2000.0	4.0639353	0.78638005	6.8536654	1.9278111	4.038631	0.06772453	4.366166	3.9520533	64000	2.9802324e-10	0.45428702	1.8262446e-05	-0.0002542138	0.08520358	0.00026616085	0.001975586	624.0	346.62284088134766
32	2000.0	4.027714	0.7312944	6.8404646	1.8383507	4.0527115	0.06446503	4.3650727	3.974635	66000	-4.4703485e-10	0.39484882	-2.0088642e-05	-0.00029706955	0.08640591	0.00068607833	0.010712891	624.0	357.6486439704895
33	2000.0	4.0614786	0.76693	6.6140494	1.6652356	4.0411863	0.0541858	4.2904687	3.9716423	68000	-2.384186e-10	0.42366844	-0.00010800576	-0.00019845366	0.083017595	0.00010352232	0.0008066406	624.0	368.6626920700073
34	2000.0	4.062304	0.76155394	6.0303993	1.7789568	4.0404143	0.06263762	4.312714	3.9542649	70000	-1.1175871e-10	0.41986987	8.663431e-06	0.000109136105	0.07871726	0.0005036133	0.0039746095	624.0	379.66673946380615
35	2000.0	4.0415974	0.7426931	6.3037133	1.9869382	4.047418	0.05481121	4.2706394	3.9767213	72000	-2.2351743e-10	0.427967	-1.8139632e-06	-0.00049865246	0.076739416	0.00036527158	0.0040048826	624.0	390.6385941505432
36	2000.0	4.088848	0.76381767	6.0352926	1.4775586	4.0656843	0.063996896	4.3775783	3.992411	74000	7.078052e-10	0.4324713	-1.770763e-05	8.127093e-05	0.07267689	0.0005995692	0.0057734377	624.0	401.64487290382385
37	2000.0	4.117265	0.7350988	6.311391	2.0586889	4.0586553	0.060127433	4.373742	3.989235	76000	-2.9802324e-11	0.4136454	0.00017024152	-0.0009188354	0.07082733	0.0008874293	0.015382812	624.0	412.65938901901245
38	2000.0	4.103728	0.78375125	6.585742	1.7781967	4.070102	0.059448943	4.3483047	3.991816	78000	9.536744e-10	0.43628982	0.00010788858	-0.0001885593	0.06838177	0.00017883403	0.0027451173	624.0	423.7173681259155
39	2000.0	4.069633	0.7862408	6.4421434	1.7815083	4.0724397	0.06915222	4.3406587	3.9781485	80000	-8.866191e-10	0.43658715	9.852483e-05	-0.000128299	0.06781803	0.0005231478	0.0071123047	624.0	434.72177028656006
40	2000.0	4.018725	0.72956556	6.089608	1.90429	4.077254	0.071129434	4.406315	3.9883595	82000	-3.874302e-10	0.4049134	-2.6188076e-05	-0.00086289644	0.06693191	0.0002770072	0.0023271483	624.0	445.75255370140076
41	2000.0	4.051406	0.75559115	6.394294	1.9168241	4.0364738	0.061521195	4.286266	3.9494345	84000	-3.1590464e-09	0.4294101	3.2437743e-05	-0.00039568543	0.063130654	0.00042615406	0.0063320315	624.0	456.77410316467285
42	2000.0	4.008875	0.72010547	6.389844	1.6970305	4.055683	0.06412494	4.349171	3.9904518	86000	1.5348197e-09	0.40116674	7.807912e-05	0.00014278293	0.060088024	0.00028945514	0.0033125	624.0	467.7627911567688
43	2000.0	4.0853496	0.78112173	6.2383494	2.1833813	4.024499	0.06512842	4.353578	3.940419	88000	1.9669533e-09	0.43508235	-3.12081e-05	-0.0013291538	0.057414167	0.000214675	0.0018691407	624.0	478.80681133270264
44	2000.0	4.0501738	0.7687528	6.4843836	1.9222189	4.075352	0.061478283	4.4044056	4.0093718	90000	3.874302e-10	0.42082214	-2.5423766e-05	-0.00055870414	0.058007352	0.0004119692	0.0035703124	624.0	489.90122413635254
45	2000.0	4.059694	0.75421274	6.4289737	1.9841404	4.0575247	0.07303126	4.3933296	3.9545407	92000	2.384186e-10	0.43396115	-2.2604823e-05	-5.5760145e-05	0.05791036	0.00017013187	0.00046679686	624.0	500.90177822113037
46	2000.0	4.0201964	0.7304768	6.231725	1.75509	4.0662885	0.05964475	4.349596	3.9918628	94000	-1.6391279e-10	0.41098678	-3.4074354e-05	-0.0002849698	0.05800106	0.00023047147	0.00067871093	624.0	511.92782068252563
47	2000.0	4.1651993	0.79743314	6.61189	1.7785757	4.049311	0.04792912	4.275673	3.9767303	96000	6.705523e-10	0.47013512	-1.4920816e-05	-0.0042394698	0.056455255	0.0002724861	0.0019013672	624.0	522.9587087631226
48	2000.0	4.058617	0.7531638	6.18377	2.2679365	4.103165	0.057089552	4.3673296	4.0307856	98000	-3.5762787e-10	0.44988	1.525283e-06	-0.00036293268	0.055666592	0.0002439101	0.0015761718	624.0	533.9630191326141
49	2000.0	4.071761	0.73877394	6.156353	1.8713514	4.073831	0.05796923	4.3522196	4.000648	100000	5.960465e-10	0.4083725	-3.158638e-05	-0.00011172891	0.05453566	0.0002487855	0.0011992188	624.0	545.0175335407257
50	2000.0	4.028262	0.7554122	6.095091	1.8662971	4.072707	0.059494063	4.3375335	3.9921725	102000	-1.192093e-10	0.42711124	0.00035518446	-0.00081163645	0.052868146	0.0009067557	0.017516602	624.0	556.0110414028168
51	2000.0	4.067664	0.7883941	5.9777975	1.789859	4.0432353	0.06036632	4.315428	3.9673584	104000	-4.0605666e-10	0.43709627	-4.726501e-05	0.00017160177	0.051355023	0.00017382005	9.2773436e-05	624.0	567.039716720581
52	2000.0	4.111115	0.7568987	6.361574	2.0097392	4.0765495	0.062011052	4.379013	4.0033135	106000	1.013279e-09	0.4331998	1.2565509e-05	-0.00032359362	0.05199545	0.0002911063	0.0033144532	624.0	578.0475780963898
53	2000.0	4.164656	0.7925236	6.2939043	2.0664399	4.117983	0.059317015	4.3620296	4.041351	108000	-3.7997963e-10	0.4457569	0.00018427691	-0.0010210574	0.050067436	0.00069883	0.013322266	624.0	589.0313220024109
54	2000.0	4.10504	0.73010635	6.573114	1.566567	4.1458845	0.070070356	4.4462533	4.0566626	110000	-9.834766e-10	0.41608065	2.9871615e-05	0.001463145	0.049786776	0.0005897521	0.0072822263	624.0	600.0144002437592
55	2000.0	4.0871277	0.7499926	6.5154037	1.7643554	4.172035	0.06893521	4.496875	4.089629	112000	1.192093e-10	0.4170436	2.1310643e-05	-0.003525138	0.046970043	0.00025184953	0.0018222657	624.0	610.9977569580078
56	2000.0	4.100009	0.7305587	6.6880226	1.8340714	4.1005864	0.056481898	4.3274827	4.0154757	114000	7.1525574e-10	0.41643018	0.00010797443	-3.5345554e-05	0.04566627	0.00020611292	0.0029277343	624.0	622.0183129310608
57	2000.0	4.084287	0.7145063	6.222211	2.1551018	4.0967355	0.06328467	4.377234	4.0113316	116000	-1.192093e-09	0.4047387	0.0004016862	-0.00036913157	0.043775756	0.00067397003	0.008052735	624.0	633.1278488636017
58	2000.0	4.0713587	0.7542614	6.1245112	1.65868	4.088574	0.061930347	4.3705826	4.005116	118000	-7.3015693e-10	0.41463044	-6.216053e-05	-5.3793192e-05	0.043055203	5.851578e-05	9.4726565e-05	624.0	644.1245729923248
59	2000.0	4.081393	0.77594924	6.3133087	1.9164268	4.0805755	0.06301731	4.3632936	4.0025444	120000	-5.6624416e-10	0.43773147	3.3888908e-05	0.0003181994	0.04212184	0.0002294954	0.0012939454	624.0	655.2156465053558
60	2000.0	4.110098	0.69875973	5.955705	1.8155324	4.0547915	0.069334865	4.351201	3.9628139	122000	8.940697e-11	0.39993054	1.9422681e-05	-0.0016499162	0.04059766	0.00024790538	0.0022294922	624.0	666.2576894760132
61	2000.0	4.0680666	0.7399533	6.215112	1.7703803	4.0893373	0.057157997	4.3459435	3.997276	124000	2.384186e-10	0.41786155	-2.2595616e-05	0.0014147162	0.041288827	0.00027472648	0.0026367188	624.0	677.263890504837
62	2000.0	4.1220183	0.75748277	6.383135	1.5641327	4.124262	0.05547829	4.384718	4.0562887	126000	1.192093e-10	0.44317156	-5.6129697e-06	0.000115036964	0.0412221	0.00020485355	0.0017197266	624.0	688.2844054698944
63	2000.0	4.1441345	0.70805234	6.035985	1.663235	4.110518	0.06033086	4.3423157	4.030568	128000	-3.874302e-10	0.40841216	-2.392018e-05	-0.0005901754	0.038874026	3.7755544e-05	0.0002783203	624.0	699.2832989692688
64	2000.0	4.1042385	0.7680114	6.515487	1.6049275	4.1443434	0.06431501	4.4175515	4.061941	130000	-4.4703485e-10	0.4628636	1.7251701e-05	-0.0004041195	0.03881428	0.0003868491	0.0051660156	624.0	710.2532246112823
65	2000.0	4.160165	0.7613775	6.5781345	2.106529	4.0924335	0.06266251	4.4058337	4.024308	132000	-7.1525574e-10	0.4203572	0.0003964734	-0.0025567114	0.037265513	0.00090656977	0.014966797	624.0	721.2278003692627
66	2000.0	4.100206	0.7529252	6.5903916	1.8217027	4.156984	0.05755922	4.399182	4.0830536	134000	3.874302e-10	0.4260963	-4.2594103e-05	-0.0008581579	0.036233947	7.7642704e-05	0.0005654297	624.0	732.2245695590973
67	2000.0	4.1507215	0.73321533	6.054324	1.8765582	4.106632	0.06771051	4.385012	4.0199833	136000	-4.1723253e-10	0.4034232	-2.1235915e-05	-0.00051778555	0.034351025	0.00010503053	0.00087011716	624.0	743.2277040481567
68	2000.0	4.1580153	0.7607192	6.220918	1.7329645	4.1340456	0.06381329	4.4086833	4.0533233	138000	5.3644184e-10	0.44141397	-5.3684773e-05	-0.00016486645	0.033324983	0.00022797423	0.0016113281	624.0	754.2104632854462
69	2000.0	4.1029043	0.7374811	6.4017534	2.0122845	4.157767	0.053407434	4.4219737	4.0931716	140000	-8.940697e-10	0.4149845	-7.2026256e-07	-0.00065883994	0.033023752	0.0001847237	0.0010957031	624.0	765.200058221817
70	2000.0	4.078168	0.73937184	6.3731213	2.1044178	4.1462355	0.0703625	4.4585676	4.058265	142000	2.0861626e-10	0.43001273	-4.0342005e-05	-0.00096935034	0.032575388	6.0482504e-05	4.296875e-05	624.0	776.2424674034119
71	2000.0	4.1648173	0.74906456	6.5609856	2.0035744	4.126159	0.05473418	4.394253	4.0505447	144000	6.258488e-10	0.4060973	5.3301196e-06	1.8060207e-05	0.03194477	6.222243e-05	0.0002675781	624.0	787.3052544593811
72	2000.0	4.1776776	0.74773645	6.7225122	1.7027277	4.1700945	0.05655553	4.4164715	4.082486	146000	2.2053719e-09	0.41593754	5.614889e-05	0.00021010637	0.03207247	0.00041625704	0.008397461	624.0	798.3655915260315
73	2000.0	4.159198	0.76096153	6.5219054	2.104259	4.1524615	0.05836535	4.464364	4.08017	148000	-4.768372e-10	0.42889345	0.00014332391	-0.00037169456	0.03146336	0.00043546455	0.008487305	624.0	809.4194166660309
74	2000.0	4.055789	0.755748	6.6489663	1.7591085	4.1781335	0.06570218	4.4465084	4.0880876	150000	-5.066395e-10	0.4445818	-1.6757876e-05	-0.004370123	0.030811641	2.7404601e-05	7.03125e-05	624.0	820.447637796402
75	2000.0	4.1345816	0.7495421	6.973796	1.9019463	4.1307282	0.06264636	4.4284735	4.045998	152000	-1.192093e-10	0.43983665	2.5394203e-05	-0.00012040138	0.03052947	0.00021249222	0.0021689453	624.0	831.4872071743011
76	2000.0	4.109567	0.7777074	5.974141	1.8154044	4.122585	0.059913844	4.385314	4.0562077	154000	-4.768372e-10	0.45103008	4.2633834e-05	0.00019857287	0.03049702	0.0002461905	0.0034775392	624.0	842.5617995262146
77	2000.0	4.13635	0.7247713	5.8828907	1.5688317	4.137508	0.062620014	4.439354	4.060567	156000	6.3329936e-10	0.41025263	3.946231e-05	-3.5762787e-05	0.0298246	0.00024263434	0.003147461	624.0	853.6099150180817
78	2000.0	4.1079574	0.7485862	6.343067	1.7457519	4.127961	0.059496384	4.414527	4.055915	158000	-6.5565114e-10	0.42486015	2.6498854e-05	0.0002374053	0.029889708	8.5816544e-05	0.0012529297	624.0	864.6427004337311
79	2000.0	4.0449805	0.7383261	6.2476554	1.9059657	4.138188	0.07046211	4.46784	4.056899	160000	3.5762787e-10	0.41357836	6.564558e-06	-0.0026726425	0.02908586	4.423231e-05	0.0007607422	624.0	875.6475069522858
80	2000.0	4.088928	0.77166915	6.0718827	1.4150044	4.0805926	0.07395678	4.3631277	3.9726217	162000	-1.3411046e-10	0.43841642	0.000105008796	-0.00034072995	0.029100524	0.00021250232	0.0026669921	624.0	886.6842265129089
81	2000.0	4.1164265	0.78678966	6.4325795	1.6336406	4.0840526	0.066933766	4.3765774	3.9929562	164000	2.2649767e-09	0.44548434	1.17573745e-05	2.9027462e-05	0.029341364	0.00014741032	0.0011455078	624.0	897.6958973407745
82	2000.0	4.101679	0.7575532	5.901122	1.568249	4.102876	0.07580126	4.4423475	3.9982724	166000	4.768372e-10	0.42963588	-3.5749556e-05	-1.4573336e-05	0.029013962	0.00011432727	0.0006484375	624.0	908.7263443470001
83	2000.0	4.10395	0.73162806	6.336221	2.3411334	4.1071377	0.07345636	4.418921	3.9900787	168000	1.1734665e-09	0.42051157	0.00024346131	0.0002526641	0.028816463	0.00059428223	0.00928125	624.0	919.7535891532898
84	2000.0	4.167911	0.7523352	6.3263283	2.2996309	4.12922	0.06679329	4.416634	4.0376544	170000	6.5565114e-10	0.4423776	-1.7228664e-05	-0.0004158318	0.02868313	8.172294e-05	0.00046289063	624.0	930.7716813087463
85	2000.0	4.1130404	0.76182914	6.026002	1.8730209	4.143256	0.05708404	4.392513	4.065779	172000	1.3709069e-09	0.43120602	0.00010832873	-0.0010301471	0.028137542	0.00034170874	0.0042070313	624.0	941.8025605678558
86	2000.0	4.155735	0.7860712	6.907024	2.056939	4.1180234	0.066910446	4.414282	4.033944	174000	2.8312208e-10	0.43683627	-3.249458e-05	0.00023141503	0.027282389	0.00015531185	0.0014775391	624.0	952.8601884841919
87	2000.0	4.15084	0.7992469	6.398681	1.6006904	4.110946	0.056678887	4.3789167	4.045265	176000	1.0430813e-09	0.47863343	6.3443185e-06	-0.00089520216	0.026039574	3.635987e-05	7.8125e-06	624.0	963.909814119339
88	2000.0	4.148641	0.7654865	6.1373463	1.6668983	4.142952	0.068848096	4.4849997	4.0644274	178000	1.192093e-10	0.44136253	2.5729836e-05	-0.00020971894	0.025768237	0.00012345386	0.0010625	624.0	974.9793200492859
89	2000.0	4.113759	0.7841013	6.397836	2.0563667	4.1385093	0.064140536	4.425522	4.0513773	180000	-4.4703485e-10	0.4471836	8.785517e-06	-0.0004479885	0.025690395	0.00022265398	0.0029765626	624.0	986.0411641597748
90	2000.0	4.073797	0.7716094	6.1788735	1.4935308	4.1215005	0.060043704	4.3802137	4.038857	182000	2.7492644e-09	0.44301102	1.61431e-05	-0.0005637109	0.025489675	5.187721e-05	0.00048046876	624.0	997.1156470775604
91	2000.0	4.0204334	0.7638897	6.6048245	1.9967512	4.053662	0.07085961	4.337406	3.9573069	184000	7.748604e-10	0.44088775	4.185522e-05	-0.00019684434	0.025392223	0.00024401996	0.0033134765	624.0	1008.1694052219391
92	2000.0	4.148546	0.7903773	6.215655	1.4084697	4.0310564	0.07436781	4.400854	3.931289	186000	5.960465e-10	0.47714493	0.00015543611	-0.005289942	0.023939235	0.0002586693	0.0030908203	624.0	1019.2327969074249
93	2000.0	4.1253157	0.791538	6.4503307	2.0442371	4.1043034	0.0672776	4.367293	4.001814	188000	-1.2740493e-09	0.4588843	0.00015288888	-0.0003068149	0.023527442	0.0003633364	0.006216797	624.0	1030.2917053699493
94	2000.0	4.143467	0.7594748	6.5436926	2.1481333	4.1184044	0.06023718	4.388835	4.021933	190000	5.960465e-10	0.43527287	0.0002137327	0.0013612211	0.02342634	0.0003819477	0.004543945	624.0	1041.3413836956024
95	2000.0	4.121619	0.78700674	6.4069557	2.1679928	4.1673307	0.06456119	4.449512	4.0831256	192000	5.960465e-11	0.4493113	3.897232e-05	-4.351139e-06	0.023387609	0.00013428887	0.00153125	624.0	1052.3496980667114
96	2000.0	4.135071	0.7933364	6.338901	2.1249964	4.170006	0.072084054	4.4731183	4.083914	194000	-2.7567149e-10	0.45423603	3.425444e-05	-0.0004080832	0.023488017	0.0001628357	0.001459961	624.0	1063.3751363754272
97	2000.0	4.166467	0.71976596	6.850941	2.2909634	4.146851	0.062442534	4.410117	4.064138	196000	2.0861626e-10	0.42106086	8.1217884e-05	-0.00022926927	0.023687463	0.00029429345	0.0028271484	624.0	1074.3949887752533
98	2000.0	4.092228	0.7088236	6.2490535	2.0333807	4.1489434	0.061332036	4.424705	4.070149	198000	-8.3446505e-10	0.39709166	2.7077924e-05	-0.001411587	0.023207216	0.00020386066	0.0023544922	624.0	1085.4696509838104
99	2000.0	4.07631	0.75320274	6.31329	2.076339	4.1180363	0.05893172	4.3822823	4.0406437	200000	-1.013279e-09	0.41576642	5.87557e-05	-0.00081801414	0.022650117	0.00015515056	0.0019365235	624.0	1096.485763311386
100	2000.0	4.1028795	0.7769112	6.546676	1.9726098	4.095481	0.064887345	4.3782988	4.0031357	202000	-5.960465e-11	0.43894693	4.2067408e-05	-0.00019314885	0.022492193	0.00017876542	0.002165039	624.0	1107.5220923423767
101	2000.0	4.12524	0.80436766	6.6862125	1.4879854	4.0931306	0.05494398	4.35378	4.0353494	204000	2.2351743e-10	0.46534014	5.135852e-05	0.00027686357	0.02286979	0.00015216767	0.0015820313	624.0	1118.5669496059418
102	2000.0	4.1605034	0.75959283	6.510276	2.0111485	4.1571856	0.06077176	4.482949	4.092194	206000	1.6987325e-09	0.44552314	-2.1569731e-05	-0.00011378527	0.022182334	5.3185922e-05	0.00019238281	624.0	1129.5679025650024
103	2000.0	4.1277685	0.76617944	6.3424654	1.9423554	4.153153	0.07288859	4.45185	4.062343	208000	7.1525574e-10	0.45188436	7.459325e-05	-0.00035339594	0.021715768	0.00035810104	0.00627832	624.0	1140.6036319732666
104	2000.0	4.138689	0.7718826	7.1607294	2.173321	4.1402197	0.060238928	4.4304023	4.0609293	210000	5.960465e-11	0.45799917	0.0004120035	0.0014903843	0.021395558	0.0006783997	0.010486328	624.0	1151.6323161125183
105	2000.0	4.146911	0.78062135	6.6521564	1.8822963	4.0950093	0.062793806	4.353465	4.0148716	212000	0.0	0.45015085	4.9274982e-05	-0.0027879179	0.021253403	0.00022777445	0.0029375	624.0	1162.7002720832825
106	2000.0	4.1864767	0.72539026	6.626513	2.0675714	4.1435895	0.07487691	4.498571	4.0502663	214000	1.3411046e-09	0.4179143	1.0973797e-05	0.00053176284	0.020976061	0.00019993288	0.0021591797	624.0	1173.7396767139435
107	2000.0	4.120774	0.7118923	6.285167	2.0825963	4.1314445	0.067612395	4.462326	4.050347	216000	6.5565114e-10	0.41242495	4.648784e-05	0.00016745925	0.021001793	0.00012822298	0.0010888672	624.0	1184.7605075836182
108	2000.0	4.069002	0.74319345	7.1838536	1.6193401	4.087895	0.054133955	4.3303757	4.0198145	218000	1.192093e-10	0.42318046	2.9284001e-05	-0.00023159385	0.020849138	0.00027501865	0.004424805	624.0	1195.8118619918823
109	2000.0	4.0856185	0.7418233	6.6522546	1.8070598	4.091466	0.05608676	4.353985	4.022067	220000	1.1324883e-09	0.42190316	0.00054074306	-0.00016650558	0.02035684	0.0009962568	0.0116123045	624.0	1206.90527009964
110	2000.0	4.0832615	0.72308385	5.9833155	1.973451	4.08893	0.06757694	4.382561	3.997778	222000	-2.6822092e-10	0.41024536	-2.2132905e-05	-0.00012814999	0.020338366	2.7071404e-05	8.8867186e-05	624.0	1217.995240688324
111	2000.0	4.117375	0.77785593	6.4880266	2.0710452	4.086309	0.059909433	4.3720064	4.0058136	224000	-7.1525574e-10	0.46548578	4.2061154e-05	0.0005854964	0.020140668	0.0001654431	0.0029365234	624.0	1229.0761001110077
112	2000.0	4.106924	0.7515973	6.3892183	1.6809993	4.073997	0.075433664	4.4061418	3.9760463	226000	6.5565114e-10	0.45257816	-1.8888086e-05	-0.00016203523	0.020051815	7.824354e-05	0.00066210935	624.0	1240.14799118042
113	2000.0	4.0840435	0.73232025	6.424298	2.1069121	4.073265	0.06955615	4.3684144	3.9913685	228000	-9.536744e-10	0.42590728	0.00010513383	-0.00013956428	0.019648572	0.00031029477	0.0046259766	624.0	1251.2227375507355
114	2000.0	4.158881	0.77958405	6.634104	1.8518165	4.068835	0.06742032	4.4021506	3.9919963	230000	3.5762787e-10	0.44730562	-1.8117667e-05	-0.001313746	0.019449916	9.68712e-05	0.00091308594	624.0	1262.3141276836395
115	2000.0	4.1141524	0.76944256	6.9729853	2.1278696	4.110645	0.08790291	4.483158	3.9960227	232000	1.3709069e-09	0.44251993	-8.3856585e-06	-0.00038054585	0.019309755	0.00024169598	0.004075195	624.0	1273.4599447250366
116	2000.0	4.1432586	0.7707742	6.9487953	1.907806	4.0851645	0.058800615	4.345876	4.0043745	234000	-5.960465e-10	0.4403347	0.00023128958	-0.00049576163	0.018559195	0.00039892973	0.006397461	624.0	1284.573659658432
117	2000.0	4.0952106	0.7924929	6.603733	2.1004195	4.1487484	0.067905016	4.421081	4.052899	236000	-8.195639e-11	0.44685882	7.9027675e-05	-0.0013379157	0.018282292	0.00031704328	0.0042617186	624.0	1295.6527390480042
118	2000.0	4.0875463	0.79859096	6.521837	2.0079236	4.097875	0.079413325	4.4635754	3.993372	238000	-5.811453e-10	0.46707177	9.493381e-06	0.0012291968	0.01781059	5.4624197e-05	0.00079589844	624.0	1306.7574045658112
119	2000.0	4.1110463	0.7791449	6.9834347	1.8689426	4.1528745	0.068537034	4.45759	4.0644116	240000	-7.1525574e-10	0.46237573	0.00011320755	-0.00055357814	0.017326726	0.00021792864	0.0021445313	624.0	1317.8393647670746
120	2000.0	4.1008883	0.7688366	6.385208	1.7227217	4.1430664	0.076871336	4.44923	4.035884	242000	-1.4901162e-10	0.43527722	0.00017578957	-0.000119268894	0.017552415	0.00027974826	0.0029345704	624.0	1328.9226863384247
121	2000.0	4.1391225	0.8009519	6.6031117	1.8917148	4.1066217	0.0684487	4.420113	4.0268755	244000	-7.4505807e-10	0.4533225	1.6298444e-06	-0.00061163306	0.017319823	0.00015361328	0.0016708984	624.0	1339.9599418640137
122	2000.0	4.1478195	0.7855186	6.582041	2.0940797	4.1181755	0.073001705	4.458476	4.027863	246000	7.1525574e-10	0.45341688	1.1327223e-05	-0.0011649728	0.017110858	0.0001295834	0.0013496093	624.0	1350.969253063202
123	2000.0	4.1348877	0.75845623	6.4008746	1.8298169	4.1500063	0.06451749	4.448519	4.080088	248000	7.3015693e-10	0.43382078	0.00024856595	0.00011831522	0.017098095	0.00037095617	0.004003906	624.0	1362.0016376972198
124	2000.0	4.1886	0.74587005	6.4086895	2.0925453	4.1265864	0.06626327	4.407562	4.041091	250000	1.7881394e-10	0.4266605	4.026841e-05	-0.0012877584	0.016896414	0.00027409047	0.004671875	624.0	1373.0165576934814
125	2000.0	4.159766	0.7646674	6.321189	1.6031077	4.1596127	0.058465995	4.4104996	4.0793366	252000	1.6391278e-09	0.44846845	3.854358e-05	0.00010243058	0.016980158	0.0001887656	0.0022080077	624.0	1384.0378122329712
126	2000.0	4.140714	0.76717114	6.3948374	2.077687	4.137322	0.06347809	4.4048758	4.0557947	254000	-1.4901161e-09	0.44420663	8.031383e-06	-1.7285347e-06	0.016432915	0.00016053877	0.0021582032	624.0	1395.0744893550873
127	2000.0	4.13735	0.7346105	6.0779185	1.8874578	4.1527247	0.054943405	4.420556	4.075579	256000	4.917383e-10	0.4122804	-1.6563803e-05	0.00067421794	0.016356235	4.6823872e-05	0.0006347656	624.0	1406.0933175086975
128	2000.0	4.0602617	0.738065	6.5227485	2.0543673	4.1751695	0.0675119	4.4417524	4.0892506	258000	4.768372e-10	0.42755032	2.3584545e-05	-0.0060739815	0.016624024	0.00015615	0.0023154297	624.0	1417.0738623142242
129	2000.0	4.0768833	0.7630472	6.5237093	1.7477783	4.089453	0.061879944	4.368409	4.0111794	260000	1.1324883e-09	0.42425457	9.829039e-05	-0.00013744831	0.016841784	0.000143753	0.0017285156	624.0	1428.0601584911346
130	2000.0	4.136486	0.77488494	6.274808	1.2709864	4.090734	0.06818733	4.3647394	4.000488	262000	-8.940697e-11	0.44196326	0.0001786815	-0.0010915399	0.01679202	0.00031935266	0.0032597657	624.0	1439.0346376895905
131	2000.0	4.1220217	0.77423626	6.261147	1.9777844	4.134194	0.059546635	4.40233	4.061741	264000	5.960465e-11	0.41796014	7.352287e-05	9.456277e-05	0.016793985	0.00024650554	0.0036503905	624.0	1449.9767055511475
132	2000.0	4.1174703	0.8041678	6.634896	1.9324505	4.1219926	0.07143596	4.4430466	4.0335684	266000	-6.5565114e-10	0.45728862	0.00022379265	-2.3007393e-05	0.016809331	0.00024382943	0.0026914063	624.0	1460.9707350730896
133	2000.0	4.1726255	0.75191414	6.1188965	2.0094957	4.1162806	0.07303135	4.4365263	4.028898	268000	-4.1723253e-10	0.4344662	0.00013187606	-0.0008484125	0.016685005	0.00018099854	0.0021982421	624.0	1471.9529175758362
134	2000.0	4.119233	0.7896809	6.3656225	1.7717096	4.1381764	0.066161826	4.392764	4.0324206	270000	-1.192093e-10	0.44550604	0.00034599114	-8.556247e-05	0.016799223	0.0006563675	0.008380859	624.0	1482.9357714653015
135	2000.0	4.120016	0.7424178	6.552088	1.3746041	4.1213937	0.06626309	4.3843455	4.0364294	272000	-6.8545347e-10	0.42524484	6.8805755e-05	-8.046627e-07	0.017158262	0.00022174533	0.0040263673	624.0	1493.9474322795868
136	2000.0	4.1220875	0.74117005	6.1868324	1.8541108	4.1157203	0.06284434	4.385918	4.04014	274000	-2.0861626e-10	0.4243239	-7.4574353e-07	0.00067451596	0.01689794	7.7075696e-05	0.0008925781	624.0	1504.9623239040375
137	2000.0	4.1722336	0.75509757	6.6601534	2.1505947	4.0918307	0.059809964	4.383889	4.013383	276000	8.046627e-10	0.43133456	0.00016551248	-0.0024071336	0.016665708	0.00027179724	0.00412793	624.0	1515.9646139144897
138	2000.0	4.116247	0.7807117	6.6363463	1.9490606	4.130672	0.061157044	4.41806	4.0478745	278000	5.6624416e-10	0.45854977	9.42193e-05	-5.5760145e-05	0.016733944	0.00029974277	0.005109375	624.0	1527.0245745182037
139	2000.0	4.1640472	0.76783866	6.4129224	2.0897784	4.116996	0.071739316	4.4382873	4.0306516	280000	1.192093e-10	0.44389135	0.0003379468	-0.0016959608	0.016758494	0.00035410977	0.0027861327	624.0	1538.048332452774
140	2000.0	4.1878486	0.76478463	6.5046315	1.8363787	4.1541033	0.055720355	4.4055786	4.090926	282000	-7.1525574e-10	0.44743904	2.5432855e-05	0.00067049265	0.01680245	0.00014075838	0.001609375	624.0	1549.1059050559998
141	2000.0	4.0653987	0.7489969	6.3080626	1.8681998	4.1397204	0.055366248	4.4027934	4.06662	284000	5.960465e-10	0.42459244	6.9113135e-05	-0.002028674	0.016850632	0.00025319713	0.00365625	624.0	1560.1065094470978
142	2000.0	4.146719	0.816077	6.5084248	1.3381481	4.104751	0.068285145	4.393402	4.0166755	286000	-1.5497208e-09	0.47419423	2.8861465e-05	-0.0008597374	0.016435757	6.9914604e-05	0.0007607422	624.0	1571.0973336696625
143	2000.0	4.1655407	0.7632818	6.4909773	2.1412296	4.1408763	0.078676805	4.4581065	4.042717	288000	3.5762787e-10	0.44890663	3.0004636e-05	-9.480119e-05	0.016685171	0.00017824721	0.002475586	624.0	1582.114872932434
144	2000.0	4.176616	0.757065	6.762815	1.4965982	4.1738863	0.059027594	4.4489894	4.1065774	290000	4.1723253e-10	0.44342253	0.00016470146	0.00011831522	0.01667893	0.0003915747	0.0060302736	624.0	1593.1907947063446
145	2000.0	4.182157	0.7679667	7.235926	1.7459718	4.1673336	0.06016571	4.4284	4.0932603	292000	-1.7881394e-10	0.43595842	0.0001920169	0.0004400015	0.016595315	0.00039409075	0.0060273437	624.0	1604.137314081192
146	2000.0	4.2104583	0.7986593	6.2741156	1.5555872	4.15392	0.06630922	4.445282	4.070426	294000	-4.842878e-10	0.45723853	0.00011163083	-0.0016809106	0.016717756	0.0002859723	0.004857422	624.0	1615.0665447711945
147	2000.0	4.1016874	0.763507	6.7355356	1.8414339	4.1865916	0.06612816	4.486342	4.114179	296000	-5.066395e-10	0.42410016	0.00011253231	-0.0014387369	0.017180035	0.00027474095	0.004161133	624.0	1625.993800163269
148	2000.0	4.1174164	0.77024114	6.767056	1.707318	4.158418	0.06906389	4.4537325	4.075916	298000	7.1525574e-10	0.43576667	0.0002164789	-4.0501356e-05	0.017371189	0.00031625852	0.003841797	624.0	1636.9482672214508
149	2000.0	4.0896626	0.7638368	5.9910364	1.6015228	4.1582584	0.06701534	4.4571037	4.081204	300000	-6.258488e-10	0.43094566	-1.1673779e-05	-0.001960069	0.017207852	3.9277587e-05	0.0004970703	624.0	1647.9254643917084
150	2000.0	4.175849	0.7365486	6.5025873	2.0937073	4.120654	0.065056324	4.4051313	4.0514545	302000	4.6193602e-10	0.4166001	-1.586254e-05	-0.0007006228	0.017108245	6.856117e-05	0.00022070312	624.0	1658.9292783737183
151	2000.0	4.1438975	0.7344652	6.6754627	1.6710043	4.137334	0.061313167	4.3972344	4.051681	304000	-1.7881394e-10	0.40476036	7.1489754e-05	-3.1143427e-05	0.017025182	0.00027947055	0.0032636719	624.0	1669.8605699539185
152	2000.0	4.1489067	0.8008096	6.512967	1.5850954	4.131333	0.06348051	4.3918138	4.0575876	306000	-1.6018749e-09	0.44201168	1.7656492e-05	-0.00020816922	0.016865784	0.0001203349	0.0012626953	624.0	1680.8356952667236
153	2000.0	4.1423078	0.7563958	6.4809685	2.249349	4.146046	0.06553439	4.4438133	4.0651226	308000	-2.384186e-10	0.4379596	-2.5890351e-05	0.0004053712	0.017187884	9.923425e-05	0.00061230466	624.0	1691.7900865077972
154	2000.0	4.1061897	0.7254164	6.5482044	2.1790507	4.186428	0.06822596	4.4708557	4.1014967	310000	-1.192093e-10	0.42317557	-3.0699997e-05	-0.0030862987	0.016801206	3.7660226e-05	0.00044824218	624.0	1702.7261967658997
155	2000.0	4.09906	0.7431876	6.5524573	1.9848176	4.135621	0.065868534	4.458263	4.064133	312000	5.066395e-10	0.43545207	2.2463262e-05	6.467104e-05	0.016548915	8.855056e-05	0.0008808594	624.0	1713.6933732032776
156	2000.0	4.1403904	0.7377272	6.1777663	2.0173855	4.091841	0.06075324	4.384766	4.012766	314000	2.9802324e-10	0.4182872	-1.3941088e-05	-0.0004336238	0.016597973	7.331827e-05	0.0009921875	624.0	1724.6070597171783
157	2000.0	4.114708	0.74361557	6.5167856	2.094616	4.097775	0.06381763	4.408872	4.0097857	316000	1.6391279e-10	0.42486894	-8.514896e-06	-0.0003105104	0.016489511	5.2802166e-05	0.00054785155	624.0	1735.594411611557
158	2000.0	4.1089935	0.803511	6.9974833	1.5298766	4.1218085	0.057576876	4.3778887	4.052357	318000	7.748604e-10	0.46691048	1.6112775e-05	-0.00016465783	0.016190786	0.00016785205	0.003251953	624.0	1746.5611503124237
159	2000.0	4.1291904	0.74333555	6.427998	2.3877232	4.1202374	0.06616675	4.441628	4.0469875	320000	-7.3760753e-10	0.42203647	0.00020901562	-0.00023037195	0.01591376	0.00036880805	0.0035859374	624.0	1757.5404093265533
160	2000.0	4.1616726	0.7068831	6.2569947	1.8563987	4.129691	0.06653526	4.39376	4.0247674	322000	6.705523e-10	0.40536955	3.540148e-05	0.00013038516	0.015822724	9.6853466e-05	0.0011103515	624.0	1768.5772020816803
161	2000.0	4.0981507	0.7357065	6.374113	1.666625	4.158244	0.05612906	4.413868	4.075757	324000	-1.3113023e-09	0.41810447	5.3637028e-05	-0.0005234778	0.015754152	0.00010533936	0.0013554688	624.0	1779.6072525978088
162	2000.0	4.1590796	0.7639586	6.3742313	1.8112285	4.1165557	0.06380838	4.427782	4.041635	326000	1.6391279e-10	0.45432913	-1.0031686e-05	-0.00065261126	0.016101224	8.595303e-05	0.00092285156	624.0	1790.631328344345
163	2000.0	4.1470222	0.7740326	6.8210926	1.4600824	4.134936	0.06211371	4.367505	4.048509	328000	8.940697e-10	0.4458699	5.4970445e-05	-2.503395e-05	0.0161345	0.00020215154	0.0026503906	624.0	1801.6863100528717
164	2000.0	4.1852684	0.7509533	6.2845874	2.2083645	4.144655	0.06937808	4.434925	4.0540886	330000	-3.4272674e-10	0.43856648	7.9698075e-05	-0.00037053227	0.015988808	0.00015506451	0.0019208984	624.0	1812.754590511322
165	2000.0	4.0810804	0.76383615	6.126481	1.8088311	4.1776776	0.0639573	4.4481773	4.1000986	332000	0.0	0.4277248	7.747412e-06	-0.0034773648	0.016036587	4.613462e-05	0.0005488281	624.0	1823.8340556621552
166	2000.0	4.198538	0.74014276	6.395726	1.8501935	4.1224113	0.06583471	4.4036345	4.0370064	334000	-8.3446505e-10	0.43037742	8.3109386e-05	0.0008710027	0.015617526	0.00022952873	0.0034833984	624.0	1834.8702948093414
167	2000.0	4.108281	0.7271196	6.3702316	1.9957422	4.1856546	0.05476864	4.4434023	4.116727	336000	3.5762787e-10	0.42342284	8.723963e-05	-0.001344353	0.015612361	0.00023629241	0.0038779296	624.0	1845.898383140564
168	2000.0	4.1220236	0.7295081	6.216552	1.7666562	4.15009	0.05665268	4.4192586	4.0780153	338000	8.7916857e-10	0.42015228	0.00016284523	3.695488e-05	0.015411221	0.0002883145	0.0031328124	624.0	1856.876754283905
169	2000.0	4.1131606	0.7592863	5.9975276	2.0569336	4.128412	0.054752372	4.3576064	4.0548043	340000	6.705523e-10	0.42369404	0.00033723182	7.9602e-05	0.015317356	0.0006172713	0.008026367	624.0	1867.8216843605042
170	2000.0	4.1652374	0.76299447	6.4086494	2.019742	4.1362195	0.058410212	4.3883867	4.0573664	342000	-8.642674e-10	0.4346987	0.00015077546	-0.000138551	0.015357814	0.00039394118	0.0051542968	624.0	1878.8154110908508
171	2000.0	4.1054363	0.7664567	6.1369786	1.5896397	4.1643324	0.06492412	4.431827	4.070543	344000	1.192093e-10	0.45456555	1.6244709e-05	-0.0009777844	0.015272271	6.05889e-05	0.0006953125	624.0	1889.8099436759949
172	2000.0	4.1380744	0.7700221	6.4185667	1.2998681	4.1219573	0.06586929	4.40001	4.048432	346000	0.0	0.44475877	-1.8523902e-05	-0.00021401048	0.015074557	5.8033318e-05	0.000375	624.0	1900.778023481369
173	2000.0	4.162369	0.7508028	6.247173	1.7711724	4.1400743	0.06846511	4.4442153	4.049442	348000	0.0	0.43078622	6.655336e-05	0.00014570355	0.014870538	0.00021116284	0.0023945312	624.0	1911.790069103241
174	2000.0	4.083659	0.762201	6.392733	2.1044848	4.170319	0.06541064	4.4727163	4.084522	350000	-1.4007092e-09	0.42127606	-1.8257739e-05	-0.002724737	0.014742124	6.987299e-05	0.00036328126	624.0	1922.8129262924194
175	2000.0	4.149228	0.7719811	7.024867	1.5779685	4.1052985	0.057043876	4.377427	4.0229683	352000	-3.5762787e-10	0.42982492	0.00010220194	0.00072947145	0.014748401	0.00035259544	0.004569336	624.0	1933.8649423122406
176	2000.0	4.1344433	0.73015493	6.6379943	2.111188	4.091621	0.06860608	4.386553	4.012638	354000	6.631017e-10	0.4228416	3.2896023e-05	-0.00037387013	0.014766833	0.0001323668	0.0016552735	624.0	1944.886757850647
177	2000.0	4.210387	0.7332903	6.4840035	2.3264267	4.125092	0.06678131	4.438831	4.034599	356000	2.9802324e-11	0.427462	9.611914e-05	-0.0026745796	0.014456546	0.00021286603	0.0018378906	624.0	1955.9162731170654
178	2000.0	4.177552	0.7048769	6.3617167	2.5323367	4.176944	0.062494982	4.448523	4.0996103	358000	1.8626452e-12	0.41087243	4.7933613e-06	0.00016590953	0.014409669	6.517722e-05	0.00070996094	624.0	1966.981549024582
179	2000.0	4.130525	0.781536	6.27318	1.918981	4.1523356	0.07322283	4.5061336	4.055161	360000	5.3644184e-10	0.45071357	2.9212417e-05	-0.0001014173	0.014051729	0.00012485302	0.0027919922	624.0	1978.1157071590424
180	2000.0	4.1217785	0.7430486	6.162605	1.9080594	4.1523023	0.068782285	4.461495	4.0591097	362000	2.9802324e-11	0.42911062	-1.4318675e-05	-0.00018522143	0.014077679	0.000142036	0.0019785156	624.0	1989.2041630744934
181	2000.0	4.167317	0.7915909	6.385715	1.9222088	4.140687	0.06348449	4.4032183	4.050662	364000	-1.6689301e-09	0.45339894	8.823723e-07	-0.00010484457	0.0139811905	9.490359e-05	0.0009609375	624.0	2000.2751848697662
182	2000.0	4.079617	0.769213	6.1791596	1.9584923	4.1530023	0.066868484	4.434483	4.0488386	366000	-4.321337e-10	0.4407023	-1.8981293e-05	-0.0023275912	0.013921584	2.9006611e-05	6.933594e-05	624.0	2011.335945367813
183	2000.0	4.123998	0.7587423	6.255535	1.9557626	4.0811553	0.067280665	4.365507	3.9967368	368000	8.3446505e-10	0.42545262	-1.6560481e-06	-0.0010464787	0.013893428	7.5390766e-05	0.00045800782	624.0	2022.3806476593018
184	2000.0	4.1886797	0.750675	6.036784	1.606887	4.104067	0.062803015	4.389908	4.0267096	370000	3.874302e-10	0.41555747	0.00020804224	-0.0028636456	0.013901385	0.00034110405	0.004908203	624.0	2033.4396810531616
185	2000.0	4.090348	0.75409967	6.139868	1.819174	4.165085	0.07055707	4.4435763	4.0587325	372000	1.9073487e-09	0.43384802	0.00019623873	-0.0014308393	0.013739678	0.00038157578	0.0049638674	624.0	2044.4830474853516
186	2000.0	4.1456003	0.8005284	6.4211245	2.127628	4.0996714	0.06307136	4.3743067	4.012906	374000	4.4703485e-10	0.46859363	0.0001175491	-0.001198709	0.013942055	0.00034030626	0.0045751953	624.0	2055.494688510895
187	2000.0	4.166383	0.7679929	6.302301	1.752174	4.13068	0.06289367	4.4257216	4.058322	376000	2.384186e-10	0.42547658	0.00042362828	-0.0001668334	0.014021211	0.00087513245	0.008910156	624.0	2066.586060523987
188	2000.0	4.1253166	0.7401297	6.207725	1.9926343	4.137518	0.067188084	4.411152	4.0432587	378000	-1.192093e-10	0.41958734	0.00026058854	0.000110358	0.013712797	0.00041726307	0.006482422	624.0	2077.6292526721954
189	2000.0	4.165966	0.7887876	6.344664	1.7809103	4.1146693	0.066798106	4.4154897	4.0376534	380000	-5.6624416e-10	0.46733242	0.00013558115	-0.00042945147	0.013739713	0.00029810655	0.0043339846	624.0	2088.656942129135
190	2000.0	4.1380925	0.74211764	6.626539	1.8670018	4.120373	0.06238967	4.366033	4.0360727	382000	1.3113023e-09	0.4231566	0.0002624307	-3.8653612e-05	0.01387621	0.00048042258	0.0050898436	624.0	2099.6783814430237
191	2000.0	4.1748896	0.7499372	6.947488	2.152846	4.142866	0.061110437	4.403471	4.0702386	384000	-2.384186e-10	0.4348607	-8.0766085e-06	-7.44164e-05	0.014133996	0.00011202561	0.0011347656	624.0	2110.709267139435
192	2000.0	4.0969095	0.77929384	6.292921	1.5323782	4.1377535	0.059673015	4.4007	4.065708	386000	-1.4901162e-11	0.44471362	0.00014563795	-0.00017848611	0.013802166	0.0002015341	0.0022451172	624.0	2121.6950862407684
193	2000.0	4.090104	0.7529816	6.882221	1.5766367	4.1092553	0.07216062	4.480655	4.0296507	388000	2.384186e-10	0.42347476	7.092273e-05	-0.00052562356	0.013459605	0.00017940624	0.0019462891	624.0	2132.698616027832
194	2000.0	4.0959353	0.76516545	6.5363803	1.60694	4.0978193	0.059686784	4.3554077	4.033393	390000	-1.4305115e-09	0.42833784	2.8579832e-05	-0.00029957294	0.013410288	0.00014088055	0.002493164	624.0	2143.6786663532257
195	2000.0	4.102918	0.7529912	6.3419847	2.1971974	4.126594	0.06708737	4.4352174	4.0480356	392000	1.0430813e-10	0.43724543	0.00010642528	6.714463e-05	0.013060036	0.00021632158	0.0021396484	624.0	2154.6862223148346
196	2000.0	4.0994005	0.7365936	6.269642	1.8192967	4.116554	0.059055567	4.3783154	4.046845	394000	-2.6822092e-10	0.4130015	6.135381e-05	-0.0003466606	0.012697273	0.00012933712	0.0015869141	624.0	2165.7219908237457
197	2000.0	4.1353855	0.7452752	6.6687126	2.2375553	4.103404	0.06508472	4.397895	4.0236926	396000	-2.9802324e-10	0.41623148	0.00011032683	-0.0005839765	0.012710682	0.0002881584	0.004553711	624.0	2176.705597639084
198	2000.0	4.1031322	0.78149873	6.7386265	1.5742538	4.154591	0.057281237	4.434199	4.0893006	398000	-3.874302e-10	0.4553006	7.803825e-05	-0.0009825528	0.012601969	0.00013360694	0.0023212892	624.0	2187.6594264507294
199	2000.0	4.116543	0.7517519	6.480831	1.818971	4.105941	0.060894098	4.418932	4.030567	400000	2.9802324e-10	0.4226456	0.00017424156	-0.0005185604	0.012599887	0.00025129764	0.002290039	624.0	2198.6086885929108
200	2000.0	4.1792336	0.7680839	6.262577	1.9898721	4.1268277	0.06275963	4.419503	4.043897	402000	6.258488e-10	0.43082696	9.663651e-05	-0.0004556477	0.012684936	0.00023622207	0.003979492	624.0	2209.642346382141
201	2000.0	4.0867844	0.75795436	6.5912485	2.0982878	4.1411586	0.053372312	4.399262	4.0689974	404000	3.5762787e-10	0.4389422	1.6238392e-06	0.0009963214	0.01268318	7.7091456e-05	0.0012246093	624.0	2220.704223394394
202	2000.0	4.129553	0.80173343	6.6353145	1.5548832	4.071707	0.07210722	4.3965306	3.9802449	406000	5.3644184e-10	0.46017307	7.023603e-05	-0.0021296144	0.012457063	0.00013505314	0.0013818359	624.0	2231.6988627910614
203	2000.0	4.0991197	0.8085255	6.351591	1.6177452	4.1346617	0.0703029	4.461917	4.044984	408000	-2.384186e-10	0.45478106	4.9223545e-05	-0.00011539459	0.012271823	0.000116668314	0.0015498047	624.0	2242.714127779007
204	2000.0	4.137808	0.7878905	6.4506917	1.5531735	4.131953	0.07115137	4.441619	4.049811	410000	-2.9802324e-11	0.44468924	0.00018909127	0.0002526343	0.012326294	0.00028499396	0.0022841797	624.0	2253.7158014774323
205	2000.0	4.119021	0.8025188	6.5196548	1.7613343	4.116923	0.07150295	4.435229	4.0302224	412000	-7.450581e-11	0.45100734	1.297956e-05	-1.129508e-05	0.011988512	5.64682e-05	0.0006171875	624.0	2264.758986234665
206	2000.0	4.112807	0.7386406	6.4185104	1.9665076	4.1098127	0.07088503	4.4532323	4.0106907	414000	-1.7881394e-10	0.42606637	4.1496456e-05	0.0007339418	0.012097686	0.000230935	0.003086914	624.0	2275.7796132564545
207	2000.0	4.1374483	0.7727175	6.9295516	2.0992756	4.0742116	0.068045266	4.3756866	3.982595	416000	-9.536744e-10	0.4563958	0.00059025607	-0.0010871589	0.011951565	0.0011873705	0.008025391	624.0	2286.787733078003
208	2000.0	4.122862	0.76024836	6.277339	2.12447	4.092544	0.07442472	4.4710293	3.9985247	418000	-4.0978196e-10	0.44210196	-2.5224092e-06	-5.3197145e-05	0.011940339	8.908146e-05	0.0012617188	624.0	2297.814887046814
209	2000.0	4.1374664	0.7294101	6.623231	1.8250384	4.091872	0.06767924	4.4035964	4.0049686	420000	1.192093e-10	0.4061507	6.0912014e-05	-0.00044223666	0.011670304	0.00015845966	0.0026660156	624.0	2308.9355273246765
210	2000.0	4.146453	0.7891141	6.61892	1.6485661	4.1244817	0.06287779	4.3808804	4.039414	422000	-7.1525574e-10	0.44701684	0.0005846192	0.00019797683	0.011577894	0.0009142583	0.007417969	624.0	2319.9974410533905
211	2000.0	4.1683025	0.735814	6.7450714	2.1468754	4.1113567	0.06849721	4.42459	4.029266	424000	-6.5565114e-10	0.43083888	4.074672e-05	-0.0014329255	0.0112600615	0.000174156	0.0026142579	624.0	2331.0543863773346
212	2000.0	4.1355553	0.7410914	6.4530306	2.1144793	4.139627	0.07001703	4.441976	4.0493226	426000	2.6822092e-10	0.41611826	6.677762e-05	-2.3722649e-05	0.011457736	0.00024178572	0.0032089844	624.0	2342.138379096985
213	2000.0	4.167328	0.7575294	6.5186744	2.1038933	4.138203	0.052799992	4.402174	4.07206	428000	4.1723253e-10	0.43633863	9.9216646e-05	0.0001796782	0.011379543	0.00022061117	0.0033232423	624.0	2353.22691655159
214	2000.0	4.1623116	0.75406647	7.121224	1.9145331	4.1315517	0.053702526	4.3732667	4.0623865	430000	1.192093e-10	0.4208554	0.00013463105	-0.00016149879	0.011118935	0.00031539027	0.0041523436	624.0	2364.2830369472504
215	2000.0	4.1912813	0.78132796	6.5176754	1.7454392	4.13271	0.057908006	4.386525	4.0566597	432000	-1.7881394e-10	0.44556564	8.075298e-06	-0.0021048188	0.011078191	9.470729e-05	0.0006660156	624.0	2375.335027217865
216	2000.0	4.1751494	0.7604181	6.4414277	2.305447	4.1745915	0.06305756	4.4488015	4.0939164	434000	7.748604e-10	0.43340412	0.00021191643	2.861023e-06	0.011072144	0.00044414986	0.0036328125	624.0	2386.3845932483673
217	2000.0	4.1598644	0.77673775	6.3578997	2.0165954	4.1860976	0.05885058	4.445226	4.1131067	436000	4.1723253e-10	0.43873626	0.0002846049	-0.00043532252	0.011114387	0.00044340786	0.0054111327	624.0	2397.4746429920197
218	2000.0	4.0817103	0.75849795	6.210076	1.743785	4.1731505	0.07056623	4.463093	4.082788	438000	8.940697e-11	0.42074478	-6.0875273e-06	-0.0025101304	0.011229551	5.928498e-05	0.0006728516	624.0	2408.5410254001617
219	2000.0	4.1157484	0.7471519	6.8801	1.9352739	4.122898	0.06369647	4.399827	4.0356927	440000	-1.6689301e-09	0.43338048	6.1368766e-05	-3.787875e-05	0.010992144	0.0001168578	0.0022714844	624.0	2419.576149225235
220	2000.0	4.181177	0.8181098	6.182118	1.46004	4.1195383	0.067626454	4.439225	4.036241	442000	4.1723253e-10	0.46979016	0.00025324215	-0.0011543334	0.010898253	0.0004941519	0.0050517577	624.0	2430.6499478816986
221	2000.0	4.1123395	0.7751782	7.0042396	1.9241402	4.156099	0.06335794	4.4527826	4.086688	444000	9.536744e-10	0.43689552	0.00036102248	-0.00068455935	0.010838523	0.00066678465	0.0065273438	624.0	2441.6736340522766
222	2000.0	4.126629	0.7496629	6.4879746	1.8987539	4.118827	0.07419096	4.4605412	4.0374336	446000	-5.960465e-11	0.40864202	2.5634827e-05	-0.00020167232	0.010573007	0.00011784816	0.0014794922	624.0	2452.7062425613403
223	2000.0	4.145154	0.71343243	6.3734393	2.2671251	4.123845	0.062994525	4.377141	4.033781	448000	-6.5565114e-10	0.41356328	0.00013692128	-0.0002220273	0.0105137685	0.00026577673	0.0021367187	624.0	2463.708356142044
224	2000.0	4.0592117	0.7528515	6.0730042	1.6864908	4.1309986	0.060749393	4.384018	4.0535965	450000	-1.6689301e-09	0.42264977	-1.556903e-05	-0.0014434755	0.010531953	9.122874e-05	0.00078417966	624.0	2474.7085337638855
225	2000.0	4.149589	0.7532449	7.1590695	1.521525	4.1089044	0.06566087	4.387739	4.010863	452000	-3.6507847e-10	0.43278873	0.00019737578	-0.00029358268	0.010557087	0.00026041744	0.0030341798	624.0	2485.723286151886
226	2000.0	4.1378727	0.7620013	7.0595813	2.0113535	4.11889	0.07147017	4.436051	4.0229073	454000	9.536744e-10	0.43751016	0.00024030186	5.7667494e-05	0.010544023	0.0004821304	0.0051347655	624.0	2496.7802131175995
227	2000.0	4.1331806	0.80518156	6.585987	1.7528595	4.106724	0.061177246	4.399941	4.0370708	456000	-4.4703485e-10	0.45773458	0.00034572836	-0.00015878677	0.010556348	0.00043248586	0.0055566407	624.0	2507.8326213359833
228	2000.0	4.1330924	0.7899235	6.575315	1.4242887	4.109925	0.06994579	4.4231853	4.0206594	458000	-8.3446505e-10	0.44455665	4.680914e-05	-0.00017231703	0.010416524	0.00014531356	0.0025556642	624.0	2518.923830270767
229	2000.0	4.109472	0.76228076	6.3228474	2.075182	4.1267595	0.054847226	4.360311	4.055209	460000	-5.3644184e-10	0.4265347	6.0117723e-05	-4.7177076e-05	0.0103054205	0.00019400162	0.0030214845	624.0	2529.9457409381866
230	2000.0	4.1464834	0.7865515	6.4397182	1.9238787	4.0955896	0.0680275	4.3700905	4.006737	462000	-1.2665988e-10	0.4408357	2.4451801e-05	-0.0010549724	0.010179743	0.00012556482	0.001359375	624.0	2540.9702236652374
231	2000.0	4.1239405	0.75369966	6.3427424	2.0097492	4.117933	0.07054814	4.429962	4.0351133	464000	5.3644184e-10	0.42265844	6.189412e-05	7.674098e-05	0.010278337	0.00012744997	0.0016435547	624.0	2551.993107318878
232	2000.0	4.148756	0.7587312	6.3401494	1.3041794	4.158767	0.064432554	4.4683757	4.0838103	466000	-3.5762787e-10	0.43732396	8.855468e-05	0.00061136484	0.010071563	0.00020510127	0.0024453124	624.0	2563.0435421466827
233	2000.0	4.1042366	0.7507368	6.169777	1.542348	4.1829515	0.062284157	4.4909263	4.0972466	468000	1.1026859e-09	0.42373517	0.00048666642	-0.002482742	0.009903703	0.000865848	0.0070234374	624.0	2574.1081178188324
234	2000.0	4.1478214	0.77538586	6.1851573	1.6559637	4.1347094	0.06429108	4.42595	4.063563	470000	3.5762787e-10	0.45207858	0.00026164818	-0.00027692318	0.010092528	0.00039624952	0.002984375	624.0	2585.1796793937683
235	2000.0	4.153643	0.7208577	6.585852	2.0957098	4.1650887	0.06036188	4.4506087	4.0990157	472000	-2.8312208e-10	0.42189	8.8879664e-05	0.0013884306	0.010083816	0.00014689032	0.001571289	624.0	2596.1978414058685
236	2000.0	4.162921	0.7425692	6.228581	1.9001831	4.1267614	0.06683678	4.4022236	4.032035	474000	-2.9802324e-10	0.4265928	8.6838014e-07	-4.607439e-05	0.010090186	9.99543e-05	0.0012998047	624.0	2607.236450433731
237	2000.0	4.121562	0.70842	6.3994007	2.0243063	4.1361265	0.052923407	4.3645287	4.0553956	476000	2.0861626e-10	0.4075797	6.1599762e-06	-0.0004376471	0.0100269765	0.00015726394	0.001538086	624.0	2618.276623249054
238	2000.0	4.10997	0.78202844	6.8550997	2.0607154	4.1240807	0.059520107	4.3977914	4.0503955	478000	1.7881394e-10	0.43963614	-1.931578e-05	5.096197e-06	0.009814136	4.227651e-05	0.00034667968	624.0	2629.2647132873535
239	2000.0	4.1513643	0.76287514	6.922102	2.0641832	4.11801	0.07408561	4.444964	4.03381	480000	-5.960465e-11	0.44107127	9.984318e-05	-0.00017312169	0.009738287	0.00025222334	0.0026396485	624.0	2640.3047938346863
240	2000.0	4.129242	0.7714015	6.344043	1.90541	4.1499743	0.061199043	4.424927	4.0673094	482000	1.5012921e-09	0.45229483	4.611894e-05	7.4476004e-05	0.009841283	0.00012940283	0.0019238282	624.0	2651.3286004066467
241	2000.0	4.156825	0.79828167	6.4835567	2.0446215	4.1359415	0.061827324	4.413163	4.062743	484000	5.960465e-10	0.45704883	0.000269726	-0.0003527403	0.009687352	0.0003681952	0.0039072265	624.0	2662.288150072098
242	2000.0	4.1736984	0.77308476	6.5840883	1.8065042	4.123364	0.06390746	4.392881	4.0385365	486000	1.7881394e-10	0.44901183	2.0366491e-05	-0.00070276856	0.00977649	0.00010500778	0.0017587891	624.0	2673.2446501255035
243	2000.0	4.1408052	0.7776005	6.633846	1.7650743	4.156194	0.06823596	4.498767	4.0734024	488000	-1.4603139e-09	0.4368799	4.322848e-05	0.0010526478	0.009840641	0.00010584612	0.0012724609	624.0	2684.228838443756
244	2000.0	4.148771	0.7973351	6.538999	2.1283047	4.182	0.0671869	4.4832697	4.0952687	490000	-4.4703485e-10	0.4552773	0.00023322261	-0.000104278326	0.009745752	0.0005332198	0.0048945313	624.0	2695.1763734817505
245	2000.0	4.153575	0.78658444	6.195527	1.9167131	4.1716137	0.06769046	4.4619513	4.086738	492000	1.3411046e-10	0.46812877	4.2340118e-05	0.00044375658	0.009741132	7.5018084e-05	0.00087011716	624.0	2706.1620349884033
246	2000.0	4.1120377	0.7721809	6.5476217	1.8061138	4.1786385	0.06428471	4.443807	4.0962763	494000	-1.0728837e-09	0.449766	9.533525e-06	-0.0005610883	0.00995286	7.7523524e-05	0.0010263672	624.0	2717.136208295822
247	2000.0	4.138089	0.7357079	7.2768564	1.8285161	4.1722426	0.06820751	4.4319377	4.0776286	496000	-5.066395e-10	0.42927676	8.5394e-05	7.265806e-05	0.009763617	0.0002549118	0.0034765624	624.0	2728.0995061397552
248	2000.0	4.122202	0.7528709	6.0573196	1.934463	4.176686	0.07462651	4.523294	4.0701466	498000	-4.1723253e-10	0.4200779	0.00020525775	-0.0010282099	0.009603891	0.0004154556	0.0050722654	624.0	2739.064574241638
249	2000.0	4.123271	0.76525825	6.604901	1.1993284	4.142808	0.06864296	4.4400268	4.0549297	500000	4.768372e-10	0.42674285	0.00011925793	-0.00022181869	0.0095615415	0.00029384147	0.0026503906	624.0	2750.0133781433105
250	2000.0	4.1567717	0.7183111	6.2221293	2.2025745	4.1283913	0.069428064	4.4186144	4.0399647	502000	5.960465e-11	0.4226308	0.00012962514	-0.00045493245	0.009740629	0.00019461679	0.002977539	624.0	2760.956319093704
251	2000.0	4.190142	0.7839701	7.2821918	2.0869193	4.1481247	0.068636194	4.424842	4.06232	504000	1.192093e-10	0.44889107	6.117507e-05	0.0001835227	0.009777286	0.00010314504	0.0012675781	624.0	2771.8961324691772
252	2000.0	4.1892767	0.7844024	6.956298	2.121585	4.1440635	0.07241969	4.432336	4.036662	506000	-1.192093e-10	0.45640355	8.196899e-05	-0.00026217103	0.009817089	0.00022594788	0.0032597657	624.0	2782.813223838806
253	2000.0	4.1437883	0.7796693	6.4963894	1.5580803	4.1427717	0.06803633	4.4269567	4.055707	508000	-5.3644184e-10	0.44586134	0.00027282984	-0.00024682283	0.009941214	0.0006690149	0.0063095703	624.0	2793.774149417877
254	2000.0	4.092903	0.78710884	6.7583475	1.9523838	4.1386294	0.058488514	4.4181557	4.0708113	510000	6.5565114e-10	0.44382256	2.8578463e-05	-0.0015588701	0.009895787	0.00015044451	0.002366211	624.0	2804.751408100128
255	2000.0	4.120817	0.76199937	6.8074894	2.0174568	4.1148643	0.059976943	4.376049	4.0405707	512000	2.384186e-10	0.4269211	3.7642836e-05	-0.00017794967	0.00995531	0.00014757294	0.0020869141	624.0	2815.7170429229736
256	2000.0	4.11473	0.80512035	6.411492	2.0486655	4.122565	0.06864372	4.442894	4.028513	514000	-3.5762787e-10	0.46837163	7.115406e-05	9.664893e-05	0.009771836	0.00012119822	0.0012392579	624.0	2826.740600347519
257	2000.0	4.153128	0.7936098	6.5654817	1.887164	4.1323175	0.07202133	4.433601	4.028308	516000	-6.5565114e-10	0.43824458	0.00014153386	-0.0002863109	0.009724391	0.0002639368	0.0019873048	624.0	2837.776442527771
258	2000.0	4.1398244	0.72074	6.740836	2.232416	4.147635	0.06974437	4.4593883	4.0623093	518000	-7.003546e-10	0.42354783	2.3049206e-05	-0.00022953749	0.009753952	0.00013839094	0.0021689453	624.0	2848.807144165039
259	2000.0	4.149728	0.7534606	6.3891525	2.0349395	4.134057	0.06691312	4.4379826	4.0438275	520000	4.768372e-10	0.41604593	6.374687e-05	-0.00024613738	0.009763825	0.00018325147	0.0028945312	624.0	2859.825194835663
260	2000.0	4.1113596	0.73769176	6.0092564	1.9756818	4.1325216	0.060695697	4.4284344	4.0628757	522000	-1.4603139e-09	0.4192338	1.5235723e-05	-9.801984e-05	0.0097924955	0.00013734114	0.0013017578	624.0	2870.8983976840973
261	2000.0	4.220477	0.76335955	6.229527	1.6844344	4.121102	0.06573135	4.436149	4.0500894	524000	-1.0728837e-09	0.43876165	0.0002735458	-0.0019007027	0.009898843	0.00041254854	0.0052128904	624.0	2881.8939085006714
262	2000.0	4.0734644	0.74749833	6.4623113	1.9681511	4.154585	0.07008213	4.4826374	4.0686135	526000	5.960465e-10	0.42045382	0.00025023468	-0.0015370846	0.010010444	0.00049565866	0.0048740236	624.0	2892.932941198349
263	2000.0	4.105756	0.79941297	6.471637	2.0481148	4.136545	0.07827602	4.456573	4.0235453	528000	-2.9802324e-10	0.45481652	-1.1458815e-05	-0.00033974648	0.010065176	5.9332633e-05	0.00066503906	624.0	2903.947526216507
264	2000.0	4.1800056	0.7344859	6.0825925	1.702297	4.1012583	0.08200837	4.459532	3.990764	530000	-7.2270634e-10	0.40793967	4.154897e-05	-0.0014961958	0.010138879	0.00010314024	0.0013847656	624.0	2914.9662811756134
265	2000.0	4.1575594	0.729015	6.264535	1.9006923	4.154901	0.06808141	4.463891	4.05808	532000	-2.384186e-10	0.42077968	1.5075922e-05	-1.4126301e-05	0.010138405	0.00010690469	0.0014960937	624.0	2926.0194602012634
266	2000.0	4.1508307	0.7894353	6.364332	1.6574687	4.1556635	0.0686237	4.476622	4.0667086	534000	-1.192093e-10	0.43897325	4.5301917e-05	0.00023809075	0.0102506885	0.0001150788	0.0013984375	624.0	2937.044717311859
267	2000.0	4.18647	0.76867414	6.3658137	1.5319608	4.1721506	0.06962586	4.469512	4.0851326	536000	7.1525574e-10	0.4440983	0.0001288546	-0.00034865737	0.010063574	0.00018414408	0.0018398437	624.0	2948.0589487552643
268	2000.0	4.1892443	0.7677659	6.3291945	1.8524843	4.1881714	0.06492491	4.469984	4.1071453	538000	5.960465e-10	0.45108014	0.0001581244	0.00013196468	0.009979906	0.00031953413	0.0041240235	624.0	2959.0419070720673
269	2000.0	4.148328	0.79159266	6.3242254	1.765897	4.177804	0.067681566	4.478438	4.0822306	540000	-2.384186e-10	0.46305707	-4.121542e-06	0.0006317198	0.0098196175	7.765607e-05	0.0008564453	624.0	2969.992368221283
270	2000.0	4.1029196	0.7851701	6.2699027	2.0500479	4.15044	0.069834076	4.49838	4.061799	542000	-8.940697e-11	0.44892266	0.0003382757	-0.0005363822	0.009744719	0.00051957753	0.0048251953	624.0	2981.0543150901794
271	2000.0	4.137215	0.7447039	6.361662	1.6928184	4.143847	0.063054755	4.434058	4.0744715	544000	-3.874302e-10	0.4077871	2.4794997e-05	-0.00015032291	0.009642398	0.00014393739	0.0019033203	624.0	2992.024940252304
272	2000.0	4.079819	0.74983156	6.1232877	1.9484432	4.1351166	0.07056876	4.439635	4.046839	546000	1.3113023e-09	0.4215999	2.4694564e-05	-0.0010718107	0.009607618	0.00013574629	0.0012080078	624.0	3002.9893033504486
273	2000.0	4.1425757	0.8148822	6.382705	1.9515105	4.087207	0.0619128	4.3622355	3.9952931	548000	1.013279e-09	0.4673721	0.00013400555	-0.0018824339	0.009660357	0.00030980082	0.0038017577	624.0	3013.976668357849
274	2000.0	4.1646767	0.778404	6.178378	1.4564756	4.1245914	0.070019	4.4302554	4.0441785	550000	-4.1723253e-10	0.4338884	8.7946595e-05	-0.00047695637	0.009379142	7.83137e-05	0.0014550781	624.0	3024.9347808361053
275	2000.0	4.203561	0.76635116	6.0674963	1.7741338	4.1519456	0.06330194	4.4163523	4.0574117	552000	3.5762787e-10	0.44990405	8.739472e-06	0.00040978193	0.009477576	8.641087e-05	0.0007861328	624.0	3035.876413345337
276	2000.0	4.135505	0.7557331	6.238175	1.7485139	4.223116	0.06011806	4.5157504	4.149225	554000	1.192093e-10	0.43402088	0.00012587607	-0.004372686	0.009469938	0.00024068334	0.0028583985	624.0	3046.808712244034
277	2000.0	4.1692276	0.74276316	6.0553603	2.2457082	4.1734123	0.06389419	4.4119415	4.0841317	556000	2.9802324e-10	0.4447256	2.560568e-05	-8.529425e-05	0.009529046	9.538566e-05	0.0009121094	624.0	3057.7307591438293
278	2000.0	4.1099544	0.76457494	6.4129744	2.127302	4.173119	0.06538148	4.4375	4.0933814	558000	5.960465e-11	0.4587048	3.286094e-05	-0.0022283494	0.009560152	0.00014643956	0.0021777344	624.0	3068.651165008545
279	2000.0	4.185988	0.77372897	6.9994764	2.1337183	4.1366167	0.068037495	4.4432654	4.0485806	560000	-2.0861626e-10	0.45142886	5.0679595e-05	-0.00034600496	0.009471774	9.49328e-05	0.0010976562	624.0	3079.640505552292
280	2000.0	4.1151085	0.74880606	6.486123	1.7500936	4.200757	0.0732637	4.495842	4.0987735	562000	2.9802324e-11	0.420629	0.00014941004	-0.0018859506	0.009446687	0.0003261013	0.0028408202	624.0	3090.6057064533234
281	2000.0	4.095558	0.7452878	6.2039814	2.1962295	4.1523814	0.06631786	4.4637136	4.0616393	564000	-5.066395e-10	0.43418843	0.00051335304	-0.0008453131	0.009355313	0.0009295312	0.007060547	624.0	3101.5458335876465
282	2000.0	4.1537786	0.7802655	6.093359	1.9753293	4.1374984	0.064258896	4.397913	4.056799	566000	-2.384186e-10	0.45046234	6.949604e-05	-0.00020623207	0.009340811	0.00015934955	0.0023095703	624.0	3112.532033920288
283	2000.0	4.175262	0.7685471	6.756364	1.9436978	4.1404004	0.074982196	4.460213	4.037381	568000	-1.013279e-09	0.43784928	3.0506106e-05	-0.0005978644	0.00930251	4.1328316e-05	0.0008125	624.0	3123.521974802017
284	2000.0	4.154542	0.74329406	6.0249767	2.1447783	4.167311	0.058849778	4.450437	4.103909	570000	1.1622906e-09	0.4178868	2.2149296e-05	-0.00018236041	0.0092112245	6.726092e-05	0.0008212891	624.0	3134.503400325775
285	2000.0	4.1390657	0.7611638	6.5908313	1.9786341	4.1483827	0.060760856	4.433709	4.0772157	572000	3.7997963e-10	0.42414668	9.96735e-06	-3.7908554e-05	0.009329738	9.920361e-05	0.0008779297	624.0	3145.541936159134
286	2000.0	4.076495	0.77085274	6.3783216	1.9488039	4.1488295	0.06449035	4.413418	4.0646605	574000	-2.1606684e-10	0.44068858	0.00015541779	-0.0019240677	0.009359527	0.00020672307	0.0019121093	624.0	3156.5735964775085
287	2000.0	4.110093	0.7588284	6.314921	1.807524	4.108927	0.060707096	4.3560033	4.0296607	576000	0.0	0.4395729	0.00011830903	-0.00018468499	0.00949331	0.00027417162	0.003334961	624.0	3167.6108663082123
288	2000.0	4.1484027	0.7635971	6.319538	1.9024032	4.1206126	0.06624355	4.4381886	4.033075	578000	5.960465e-10	0.45121616	0.00013127376	2.2947788e-06	0.009459596	0.0002888839	0.0030927735	624.0	3178.6255927085876
289	2000.0	4.1585803	0.7617561	6.3317432	1.567589	4.1409936	0.062431764	4.4594183	4.063279	580000	-2.3096801e-10	0.44404182	0.00021009792	-0.0003567338	0.009650362	0.00026527088	0.0017001954	624.0	3189.6399393081665
290	2000.0	4.1140413	0.7556301	6.354848	1.7316499	4.1513133	0.06079231	4.449046	4.0752583	582000	-1.8775463e-09	0.41797936	2.3129523e-05	-0.0006123483	0.00978441	0.000120037344	0.0011728515	624.0	3200.6695709228516
291	2000.0	4.088029	0.75962937	6.8335147	1.9931977	4.132568	0.055214953	4.38086	4.0629067	584000	9.1642144e-10	0.44700095	4.0620926e-05	-0.00032299757	0.010056481	0.00017072634	0.0019677735	624.0	3211.7060475349426
292	2000.0	4.171042	0.7576267	6.450462	2.0963	4.1274033	0.06130282	4.4346647	4.058111	586000	1.192093e-10	0.43184745	0.00024176104	-0.00026273727	0.00961729	0.00043370077	0.004979492	624.0	3222.7531135082245
293	2000.0	4.131935	0.77661395	6.642486	1.7630994	4.1453133	0.061653502	4.4297314	4.0691886	588000	-8.3446505e-10	0.44405693	0.000101131984	9.536743e-06	0.009579771	0.00017418977	0.0021796876	624.0	3233.8011260032654
294	2000.0	4.1096296	0.7691372	6.4199505	1.4566715	4.151164	0.06902029	4.424951	4.053931	590000	-3.7252904e-10	0.44099647	0.00012268341	-0.00046679378	0.009578428	0.0002686766	0.003611328	624.0	3244.8448395729065
295	2000.0	4.1588516	0.75255346	6.579025	1.9734427	4.143432	0.05788182	4.404493	4.071504	592000	-2.384186e-10	0.4296345	0.0003706029	0.00048419833	0.009606615	0.0005605175	0.0039042968	624.0	3255.8841681480408
296	2000.0	4.155525	0.7824754	6.195681	2.2194724	4.126676	0.06470474	4.398182	4.04291	594000	-7.078052e-11	0.42942628	0.00016780251	7.233024e-05	0.009694522	0.00041383406	0.0031220703	624.0	3266.9312238693237
297	2000.0	4.1959753	0.7631203	6.6815352	2.0796292	4.1193824	0.073501386	4.4408555	4.02916	596000	-1.0728837e-09	0.4466732	0.0001015482	-0.002649635	0.009625374	0.00026849323	0.0035419923	624.0	3278.018841981888
298	2000.0	4.145536	0.7270971	6.3859496	2.0310807	4.1588793	0.059128825	4.400854	4.080827	598000	-5.3644184e-10	0.4189654	-7.973671e-06	-0.00018709898	0.00944505	6.038557e-05	0.00062695314	624.0	3289.0146560668945
299	2000.0	4.201391	0.78796375	6.626697	1.876812	4.1511073	0.059317164	4.434766	4.0858297	600000	-1.192093e-10	0.4488032	5.0847415e-05	-0.00031799078	0.009551568	0.00012244101	0.001671875	624.0	3300.003149032593
300	2000.0	4.1866665	0.7772485	6.8072915	2.1382182	4.164863	0.06992177	4.4567986	4.0823746	602000	1.192093e-10	0.46578643	6.269718e-05	-0.00010108948	0.009303957	0.00016809492	0.002140625	624.0	3311.040223121643
301	2000.0	4.1266885	0.73148733	6.8795166	1.9110276	4.178552	0.059479475	4.462326	4.108412	604000	-6.109476e-10	0.41826996	0.00025367332	-9.173155e-05	0.009346864	0.0004821296	0.004640625	624.0	3322.0855071544647
302	2000.0	4.118766	0.78981805	7.2955594	1.9995289	4.1764774	0.06419975	4.4554744	4.0799723	606000	8.3446505e-10	0.4619774	1.6022325e-06	-7.57575e-05	0.00921992	7.542719e-05	0.0008427734	624.0	3333.147799015045
303	2000.0	4.144453	0.7698066	6.487391	1.9256017	4.1243167	0.07297555	4.4618235	4.035546	608000	-1.192093e-10	0.42481086	9.706617e-06	1.347065e-05	0.00919028	7.844815e-05	0.0008330078	624.0	3344.197350025177
304	2000.0	4.169588	0.7765231	6.331325	2.0245833	4.13273	0.059223343	4.4238005	4.061942	610000	-5.3644184e-10	0.4404882	0.00013843556	-0.00025105476	0.009101207	0.00028569583	0.003258789	624.0	3355.208587408066
305	2000.0	4.1175284	0.71572196	6.57539	2.001984	4.138256	0.060498107	4.419845	4.064557	612000	-1.1324883e-09	0.41304216	0.0007983242	0.00027784705	0.009055106	0.0015600006	0.00906836	624.0	3366.205471754074
306	2000.0	4.1245527	0.7727996	7.1958165	2.012095	4.1487155	0.05926371	4.411892	4.072131	614000	9.61125e-10	0.44670326	0.00019686735	-0.0003131032	0.009215373	0.0004334585	0.004741211	624.0	3377.1965839862823
307	2000.0	4.1076794	0.76386976	6.3801966	2.2168858	4.142769	0.066578425	4.4112525	4.050168	616000	1.192093e-10	0.43495977	0.00018279106	-0.0005091131	0.009350537	0.0003426367	0.0029326172	624.0	3388.214194059372
308	2000.0	4.1431017	0.78102314	6.5972323	1.9564525	4.1182795	0.062012922	4.425385	4.0416517	618000	-2.2351743e-10	0.4495939	1.7864035e-05	-0.00039502978	0.009065923	0.0001482409	0.0020898439	624.0	3399.261069059372
309	2000.0	4.1059475	0.7457083	6.398871	1.7390715	4.1325946	0.07243342	4.430644	4.0374923	620000	3.5762787e-10	0.42409718	0.00017101887	-6.8217516e-05	0.009199768	0.00044889722	0.0037519531	624.0	3410.2732441425323
310	2000.0	4.1058393	0.78419405	6.184112	1.5976039	4.1064334	0.061060496	4.3882565	4.025939	622000	8.046627e-10	0.43723384	4.038078e-05	-1.4871359e-05	0.009092396	7.737549e-05	0.00092578126	624.0	3421.321079015732
311	2000.0	4.175891	0.76474184	6.267816	1.4674395	4.117056	0.06582769	4.4245024	4.021814	624000	-8.3446505e-10	0.43315074	0.00021895666	-0.000100046396	0.008990528	0.0004924845	0.00481543	624.0	3432.4110145568848
312	2000.0	4.159026	0.7592596	6.6122794	2.2040904	4.120001	0.060452048	4.4175262	4.0365696	626000	-5.960465e-11	0.44161475	0.0001028913	-0.00017297268	0.009059343	0.00015781366	0.001881836	624.0	3443.4791765213013
313	2000.0	4.200207	0.7962513	6.4854383	1.4033974	4.1569915	0.06869376	4.4489055	4.064352	628000	-1.1771918e-09	0.45801973	0.0003593414	-0.00081807375	0.009000693	0.0004542859	0.0049804687	624.0	3454.554989337921
314	2000.0	4.0545807	0.7597957	6.353407	1.426241	4.1727595	0.058852088	4.437668	4.0977545	630000	-1.1324883e-09	0.43302408	-1.20699415e-05	-0.0047343373	0.008886186	5.3439755e-05	0.0004716797	624.0	3465.6477949619293
315	2000.0	4.1408443	0.7893857	6.735361	2.0590234	4.099247	0.059778683	4.354784	4.0240474	632000	2.384186e-10	0.45243868	0.00029716152	-0.001083374	0.008802083	0.00042564754	0.0037333984	624.0	3476.7564675807953
316	2000.0	4.100373	0.75514466	6.625381	1.900942	4.124411	0.062483653	4.405008	4.05249	634000	-5.960465e-11	0.3969295	0.000108513865	0.00068950653	0.008968171	0.00021590455	0.002875	624.0	3487.8676166534424
317	2000.0	4.1958423	0.7693586	6.6689463	2.0412054	4.142806	0.07424213	4.4536138	4.049555	636000	9.536744e-10	0.4396143	0.00027228065	-0.0010402501	0.009142573	0.00043683525	0.00453125	624.0	3499.0233314037323
318	2000.0	4.1397557	0.76540035	6.800745	2.1200192	4.175697	0.06668446	4.460166	4.099539	638000	-5.3644184e-10	0.43846726	6.0981038e-05	-0.00026753545	0.009028657	0.0001828835	0.002176758	624.0	3510.139245033264
319	2000.0	4.1462946	0.75143725	6.3227124	1.9170945	4.1549973	0.06847935	4.4485593	4.072098	640000	-1.9669533e-09	0.42596164	0.00019626634	-0.00019437075	0.008940206	0.00040901848	0.0042148437	624.0	3521.279000520706
320	2000.0	4.0900393	0.76743007	6.341345	1.9454955	4.163696	0.05845843	4.4427676	4.1045504	642000	0.0	0.43705022	1.1408091e-05	-0.0010921955	0.0088751465	0.00015176636	0.002279297	624.0	3532.43532204628
321	2000.0	4.2142606	0.76778406	6.6679115	2.1170025	4.1394157	0.07206263	4.4706097	4.0495567	644000	-1.013279e-09	0.4484339	0.0004872472	-0.0015956461	0.008703753	0.00058488915	0.0037070313	624.0	3543.5785009860992
322	2000.0	4.125056	0.7390828	6.247199	2.3627386	4.1877813	0.06023784	4.439097	4.117831	646000	7.748604e-10	0.43722895	3.551336e-05	-0.001658529	0.009020804	8.209238e-05	0.000875	624.0	3554.6839373111725
323	2000.0	4.144224	0.7542054	6.2082777	1.782007	4.1297073	0.06412488	4.418419	4.0544353	648000	5.6624416e-10	0.43996257	0.0001760871	-0.00028452277	0.009133957	0.00037854415	0.003930664	624.0	3565.7985553741455
324	2000.0	4.118819	0.75877947	6.289821	1.6805276	4.138387	0.06383258	4.38914	4.0505614	650000	7.748604e-10	0.4392289	0.000450727	0.00020328164	0.008876715	0.00052758626	0.0033242188	624.0	3576.939512014389
325	2000.0	4.14135	0.80117583	6.125455	1.8005797	4.147696	0.063398525	4.4220004	4.0708156	652000	-2.9802324e-10	0.4664831	0.00021875734	0.00017404556	0.008753755	0.0003659028	0.0024609375	624.0	3588.082753419876
326	2000.0	4.123521	0.73233324	6.3930836	2.0976286	4.159964	0.07267613	4.4588842	4.0681734	654000	-4.768372e-10	0.42497736	0.0004451578	-0.0015217066	0.008541833	0.0007042798	0.004008789	624.0	3599.1545073986053
327	2000.0	4.1471577	0.7144137	6.2494245	2.3407001	4.1292515	0.060230896	4.411598	4.0532837	656000	5.960465e-11	0.41033983	3.7982525e-05	-0.00032648444	0.00860281	9.7432334e-05	0.00094726565	624.0	3610.2307102680206
328	2000.0	4.087391	0.74390566	6.8245773	2.1149073	4.1445055	0.053238623	4.371586	4.0703273	658000	1.192093e-10	0.42313296	3.420651e-05	-0.001378864	0.008597152	7.838809e-05	0.0007861328	624.0	3621.2911450862885
329	2000.0	4.2049417	0.80315214	6.468214	1.7456347	4.1083765	0.06193554	4.385076	4.035354	660000	2.384186e-10	0.4915217	8.6214066e-05	-0.0052868724	0.0084107565	8.0567595e-05	0.0011728515	624.0	3632.340342283249
330	2000.0	4.1448545	0.7846227	6.933129	1.7284702	4.192921	0.072222814	4.5019093	4.098613	662000	-2.9802324e-10	0.45417055	0.00033265274	-0.00038412213	0.008482471	0.0005116897	0.0052177734	624.0	3643.4201900959015
331	2000.0	4.1647596	0.7567411	6.546937	1.765617	4.184172	0.06362519	4.450646	4.110423	664000	-4.4703484e-11	0.4329141	0.00036715664	0.00052565336	0.0084799165	0.0006532677	0.0055605466	624.0	3654.4458096027374
332	2000.0	4.183113	0.757274	6.1543856	1.7517459	4.153218	0.06845518	4.446642	4.061334	666000	-2.8312208e-10	0.43591908	0.0003005989	-0.00039756298	0.008352277	0.00042164078	0.0030996094	624.0	3665.48447060585
333	2000.0	4.132322	0.7475937	6.454042	1.9394058	4.1899343	0.0618516	4.4902635	4.117127	668000	-5.6624416e-10	0.42267928	0.0003636979	-0.001888901	0.0084363045	0.00048584663	0.0049003907	624.0	3676.488449573517
334	2000.0	4.118408	0.76458025	6.2003107	2.0483358	4.153348	0.07078881	4.438783	4.0589933	670000	4.768372e-10	0.42672288	0.00013085568	-0.00012555718	0.008566451	0.00027038148	0.0030683593	624.0	3687.4821434020996
335	2000.0	4.0921	0.7402631	6.274427	1.964679	4.1525955	0.06715924	4.426779	4.063618	672000	-5.3644184e-10	0.42600346	0.00013919217	-0.00092345476	0.008542729	0.00027912518	0.0038320313	624.0	3698.4836847782135
336	2000.0	4.145504	0.75991875	6.5963144	1.7605729	4.1083484	0.066906065	4.404737	4.0259676	674000	-8.940697e-11	0.43247658	3.7794416e-05	-0.00019472837	0.008629643	7.2309536e-05	0.00084375	624.0	3709.4970047473907
337	2000.0	4.1221843	0.75891644	6.2296247	1.9433081	4.121671	0.06401336	4.4076915	4.0443277	676000	2.4586916e-10	0.4396096	6.807345e-05	-0.00014278293	0.008687944	0.00020698711	0.0028232422	624.0	3720.5048413276672
338	2000.0	4.127278	0.76157516	6.252344	1.9178505	4.1301484	0.070739545	4.4153633	4.038481	678000	-2.384186e-10	0.4327769	0.00012981772	-0.00011217594	0.008686429	0.00022787298	0.0034033202	624.0	3731.545598268509
339	2000.0	4.1373215	0.7160345	6.0847545	2.2356346	4.123513	0.06707948	4.394925	4.035301	680000	-7.748604e-10	0.41397262	8.0941856e-05	-4.518032e-05	0.008549848	0.00013944195	0.0012626953	624.0	3742.5657544136047
340	2000.0	4.1984663	0.7387872	6.1641145	2.154901	4.124601	0.06699927	4.397683	4.0385623	682000	5.960465e-11	0.43326402	1.9769728e-05	-0.0019533932	0.008474819	5.2486983e-05	0.0005634766	624.0	3753.610123872757
341	2000.0	4.204842	0.7180092	6.31657	2.2857425	4.1600447	0.06427431	4.409171	4.076943	684000	4.917383e-10	0.40988037	0.00010922101	-0.0006199777	0.008557006	0.00010877487	0.0016318359	624.0	3764.671125650406
342	2000.0	4.1072273	0.7684354	6.2992725	1.7203404	4.181918	0.061925802	4.4512634	4.110179	686000	0.0	0.44172126	6.2469546e-05	-0.00217247	0.008440395	0.00012846351	0.0014814453	624.0	3775.7607386112213
343	2000.0	4.190715	0.75976795	6.2653875	1.7072842	4.1524	0.05901828	4.4041348	4.0758977	688000	-2.384186e-10	0.4560554	2.2066952e-05	-6.136298e-05	0.008485561	5.6128694e-05	0.0006689453	624.0	3786.817214488983
344	2000.0	4.130279	0.7396549	6.6831684	2.1608148	4.149534	0.061367553	4.403755	4.0683274	690000	1.192093e-10	0.42266315	4.6775283e-05	-0.00015541911	0.008495281	0.00011981799	0.0013447265	624.0	3797.899678468704
345	2000.0	4.1877785	0.8172464	6.533749	1.3077527	4.1380157	0.057883196	4.4003873	4.0618696	692000	-6.5565114e-10	0.46003824	-3.3246874e-06	-0.00079625845	0.008537865	4.537806e-05	0.00045507812	624.0	3808.9787418842316
346	2000.0	4.1373463	0.7330517	6.3500147	2.14623	4.153724	0.06678613	4.468848	4.0705633	694000	8.940697e-11	0.4098588	5.460018e-05	0.00032404065	0.008540336	0.00013531672	0.0017871094	624.0	3820.0347447395325
347	2000.0	4.1734643	0.74271905	6.5662975	1.8944186	4.1329174	0.06542852	4.412418	4.0456843	696000	-2.384186e-10	0.41975716	9.205908e-05	-0.0007839203	0.008674293	0.00017433424	0.0014785157	624.0	3831.1348044872284
348	2000.0	4.1483154	0.78805274	6.4067426	1.551054	4.1622076	0.068250984	4.4201293	4.0634813	698000	-5.960465e-10	0.4610375	0.00017475165	4.8041344e-05	0.008607494	0.0003248606	0.004277344	624.0	3842.1803889274597
349	2000.0	4.1651306	0.7819449	6.4232764	1.4859346	4.1677737	0.07281451	4.4631357	4.062614	700000	-5.960465e-11	0.44103473	0.00012315804	-0.00047332048	0.008553036	0.00018218743	0.0019384766	624.0	3853.215325117111
350	2000.0	4.1092243	0.7536128	6.331482	1.4584881	4.1513147	0.059658855	4.4464455	4.0738053	702000	-7.1525574e-10	0.42613888	7.6971395e-05	-0.0012524724	0.008683036	0.00021077556	0.002428711	624.0	3864.2678365707397
351	2000.0	4.1696577	0.7963583	6.33482	2.0142777	4.1188273	0.069223166	4.460696	4.0250916	704000	-1.192093e-09	0.44267872	0.000145073	-0.0011966527	0.008508863	0.00018077837	0.0016347656	624.0	3875.3118994235992
352	2000.0	4.17006	0.7489914	6.2655573	2.0698285	4.154686	0.06953453	4.450051	4.0695505	706000	-2.0861626e-10	0.42935777	-3.0115546e-06	-0.0002195239	0.008483032	7.342031e-05	0.0010234375	624.0	3886.321439266205
353	2000.0	4.1106453	0.76001143	6.267659	1.6972754	4.157225	0.06292863	4.437607	4.081464	708000	-1.937151e-10	0.44687918	6.937845e-05	-0.0010485053	0.008407151	0.00020959198	0.002703125	624.0	3897.3291375637054
354	2000.0	4.1543574	0.7339356	6.3120847	2.1802344	4.136367	0.06602561	4.430174	4.055365	710000	7.5995926e-10	0.41457167	5.0191004e-05	-8.252263e-05	0.008436558	0.00012374182	0.0013310547	624.0	3908.319372177124
355	2000.0	4.1879354	0.8043565	6.5008726	2.0263066	4.143306	0.05908352	4.4215317	4.076236	712000	7.1525574e-10	0.46843717	0.00019477589	-0.00020766258	0.008357372	0.00043465252	0.004731445	624.0	3919.302242040634
356	2000.0	4.159432	0.7633693	6.2239704	2.004504	4.182713	0.06809132	4.4608226	4.1012936	714000	-5.960465e-10	0.43082967	5.221248e-06	-0.00037109852	0.008431603	8.9734516e-05	0.0009921875	624.0	3930.2819776535034
357	2000.0	4.1448708	0.7053673	6.402025	2.1953647	4.157656	0.06755956	4.46745	4.0684156	716000	-5.960465e-11	0.39532223	1.4055015e-05	0.0003286302	0.008131188	0.0001048797	0.0011552734	624.0	3941.248799800873
358	2000.0	4.16366	0.78984374	7.0134134	1.5270892	4.179881	0.05659092	4.4651737	4.1101065	718000	-2.384186e-10	0.45253342	0.00011441094	-0.0005784631	0.008379416	0.00024056993	0.0031552734	624.0	3952.2368083000183
359	2000.0	4.165491	0.7428092	6.277401	1.4699739	4.161993	0.07228888	4.5127106	4.069732	720000	-1.2665988e-10	0.41792846	9.95893e-05	-0.00014647841	0.008299478	0.00020119242	0.0031064453	624.0	3963.2364852428436
360	2000.0	4.1330986	0.79067665	7.1858974	1.7173127	4.1804647	0.06162637	4.4796963	4.106623	722000	5.3644184e-10	0.45132303	0.00013663799	-0.00033545494	0.008238816	0.00027774856	0.0034345703	624.0	3974.2226004600525
361	2000.0	4.1743474	0.74217623	6.547992	2.3381708	4.1754303	0.060694717	4.4469504	4.102057	724000	-2.3096801e-10	0.43373206	0.00017339471	-7.688999e-05	0.0082745105	0.00035798323	0.004350586	624.0	3985.1982576847076
362	2000.0	4.1349363	0.8223916	6.7911086	1.8890601	4.1672907	0.066082224	4.4564533	4.084393	726000	8.7916857e-10	0.4705232	0.00025607427	-0.0010611713	0.008047449	0.0005122848	0.0042070313	624.0	3996.2011592388153
363	2000.0	4.1027265	0.80504984	7.050385	1.5952389	4.140642	0.071197115	4.45168	4.0561666	728000	-1.192093e-10	0.45872438	4.6426507e-05	-0.0014795065	0.008146452	0.00011365627	0.0022314454	624.0	4007.229539871216
364	2000.0	4.0568748	0.76866317	6.388696	1.9525542	4.108399	0.079798535	4.457848	4.0040107	730000	8.046627e-10	0.43357274	0.0001491446	-0.0016584992	0.008104804	0.0002575084	0.0018359375	624.0	4018.234210252762
365	2000.0	4.1743965	0.7930711	6.899029	2.196764	4.0824976	0.06987584	4.3795934	3.9899266	732000	-2.0861626e-10	0.46210665	5.3505304e-05	-0.0028380752	0.008068201	0.00014722128	0.002176758	624.0	4029.2514350414276
366	2000.0	4.1821194	0.7575889	6.7998405	2.0664713	4.117821	0.074499324	4.4288797	4.015522	734000	1.4901162e-11	0.41742662	2.9193958e-05	-0.0007201135	0.008006083	3.161649e-05	0.0003203125	624.0	4040.2631549835205
367	2000.0	4.1441813	0.79251504	6.4180293	1.9425721	4.1339626	0.067117825	4.4152107	4.055203	736000	-6.66827e-10	0.45719418	-1.3276157e-05	-2.8342009e-05	0.00804408	3.656055e-05	0.00023632812	624.0	4051.228792667389
368	2000.0	4.1711516	0.7326712	6.698027	2.1012976	4.143663	0.06436771	4.398952	4.060875	738000	-1.192093e-10	0.4214442	0.00014555446	-0.00044173002	0.007998276	0.00023893116	0.002716797	624.0	4062.2061717510223
369	2000.0	4.0627356	0.7539654	6.5358214	2.1464968	4.1580315	0.06357486	4.459388	4.08682	740000	1.6391279e-10	0.43583366	8.231021e-05	-0.003463149	0.008175618	0.0002181153	0.0028740235	624.0	4073.1905076503754
370	2000.0	4.175605	0.7674824	6.4973955	1.8659588	4.1093645	0.0639023	4.3787255	4.027478	742000	1.4938415e-09	0.43913546	5.4307882e-05	-0.0028231144	0.008073897	0.000121067824	0.0014355469	624.0	4084.218850851059
371	2000.0	4.1170807	0.7587372	6.5004807	2.0261934	4.160971	0.06767367	4.435325	4.069816	744000	-1.192093e-10	0.4411308	0.00066913274	-0.00046172738	0.008227485	0.0009438343	0.0046064453	624.0	4095.2094564437866
372	2000.0	4.131683	0.73999786	6.0502434	1.80051	4.1527724	0.06582374	4.470584	4.070956	746000	1.8626452e-10	0.42559868	8.414829e-05	-5.939603e-05	0.008070072	0.00022002982	0.0030595702	624.0	4106.213032007217
373	2000.0	4.134699	0.80814916	7.1826816	1.7926279	4.1519456	0.060694076	4.4278893	4.077695	748000	2.9802324e-10	0.47501123	6.420082e-05	-0.00070908666	0.00823912	0.00015930549	0.0019970704	624.0	4117.252115726471
374	2000.0	4.141118	0.72929657	6.1842694	2.4257717	4.1371894	0.06657468	4.4087996	4.0407805	750000	1.6428531e-09	0.42375377	7.383425e-05	-0.00013458729	0.008329967	0.000112048394	0.0017412109	624.0	4128.296413183212
375	2000.0	4.162264	0.75833243	7.341044	2.3988197	4.125086	0.062054753	4.4242277	4.056932	752000	-3.5762787e-10	0.43295878	-2.2710562e-06	-0.00051242113	0.0083049685	0.00010532386	0.0012763672	624.0	4139.317467689514
376	2000.0	4.148829	0.73500615	6.4590645	1.9773128	4.190713	0.061489582	4.4708643	4.1147614	754000	-5.960465e-11	0.43049183	0.00012336165	-0.0009838641	0.008426298	0.00031003286	0.0036894532	624.0	4150.376167297363
377	2000.0	4.133721	0.77176476	6.1311417	1.7378117	4.175348	0.06368292	4.469486	4.100602	756000	2.9802324e-10	0.4358648	0.0001263156	-0.00017613173	0.008395709	0.00024247995	0.0015537109	624.0	4161.41636633873
378	2000.0	4.1231866	0.73596436	6.6805105	2.1200562	4.169409	0.0654998	4.460113	4.085895	758000	-2.0563604e-09	0.4303271	0.00018481369	0.0008170903	0.008408531	0.0002412047	0.0032148438	624.0	4172.431086540222
379	2000.0	4.1747193	0.7316007	6.505352	2.0420728	4.200723	0.05616368	4.468248	4.1372705	760000	5.066395e-10	0.41750333	0.00015994863	-0.00011816621	0.008425339	0.0003362291	0.0027402344	624.0	4183.435879707336
380	2000.0	4.1623087	0.7516944	6.1865826	2.133651	4.1932507	0.060021512	4.445216	4.1114106	762000	3.2782557e-10	0.43748653	5.916693e-07	-0.00093358755	0.008510576	3.657969e-05	0.0004238281	624.0	4194.483792066574
381	2000.0	4.205914	0.77152526	6.1309795	1.888581	4.1756516	0.06745065	4.5024605	4.088684	764000	-8.940697e-11	0.43725044	0.00014708683	-0.00012150407	0.008630588	0.00026728536	0.0035546876	624.0	4205.484253644943
382	2000.0	4.151039	0.7987534	6.4178677	1.4495834	4.183644	0.059974022	4.4868956	4.1152334	766000	3.5762787e-10	0.45335707	-8.456231e-06	-8.299947e-05	0.008487044	4.5632583e-05	0.0004189453	624.0	4216.516632080078
383	2000.0	4.158914	0.78871447	6.483103	1.7128831	4.150249	0.07402631	4.456821	4.0606875	768000	3.5762787e-10	0.44210583	-1.1588484e-05	-0.00032758713	0.008430841	3.2533557e-05	0.00029003905	624.0	4227.538543701172
384	2000.0	4.168864	0.69412404	6.8636713	2.082951	4.1668253	0.06638598	4.469738	4.0808525	770000	4.4703485e-10	0.3773952	0.000121136334	-0.00010180473	0.008554315	0.00025725836	0.00346875	624.0	4238.556272506714
385	2000.0	4.185112	0.7355071	6.458316	1.8151709	4.157112	0.06268124	4.474514	4.0767455	772000	7.1525574e-10	0.4081027	0.00011616603	6.324053e-05	0.008501247	0.00014266642	0.0011572265	624.0	4249.533145666122
386	2000.0	4.1065392	0.7653711	7.1440043	1.837684	4.1777115	0.05420581	4.455739	4.1223493	774000	2.1979214e-10	0.43733326	2.5982778e-05	-0.0021695197	0.008558944	9.788197e-05	0.0009863281	624.0	4260.505762577057
387	2000.0	4.1771655	0.7871405	6.514492	1.8257627	4.1300397	0.071411505	4.427965	4.041292	776000	-1.192093e-10	0.4538066	-1.17937925e-05	-0.001033783	0.008619839	2.982267e-05	0.00046972657	624.0	4271.531035423279
388	2000.0	4.118471	0.7418343	6.747764	1.8796668	4.1693563	0.07336822	4.479338	4.0816255	778000	-5.960465e-11	0.4247054	0.0024180391	0.0005173087	0.008557301	0.007530845	0.008599609	223.0	4279.80299115181
389	2000.0	4.1496677	0.76430076	6.692693	2.0168135	4.0961256	0.06637142	4.37984	4.0053587	780000	-1.7881394e-10	0.42425567	2.6296528e-05	-0.0008260608	0.008400897	0.00014845411	0.0020761718	624.0	4290.806228876114
390	2000.0	4.158845	0.72339994	6.5453815	1.9881992	4.1210823	0.06375591	4.3980613	4.0386367	782000	1.3113023e-09	0.41229382	2.102542e-05	-0.0002721548	0.00829624	0.00014410642	0.002131836	624.0	4301.849662780762
391	2000.0	4.173133	0.7743661	7.0638676	2.1173303	4.145133	0.06722082	4.432941	4.066605	784000	5.960465e-10	0.44620237	6.123269e-05	-0.0003475845	0.008333376	9.11501e-05	0.0012421875	624.0	4312.877187728882
392	2000.0	4.1650753	0.7688172	6.3887672	2.2656949	4.170492	0.069027215	4.4552717	4.0841694	786000	-5.6624416e-10	0.44236866	7.2827286e-05	-0.0002078116	0.008473318	0.0001450995	0.0011914063	624.0	4323.869322061539
393	2000.0	4.1693897	0.81334955	6.440455	1.8094723	4.1923447	0.05727571	4.4385653	4.122996	788000	-3.5762787e-10	0.4673338	0.00011209572	-5.1170588e-05	0.008318963	0.00014048272	0.0014921875	624.0	4334.914311408997
394	2000.0	4.110626	0.75782305	6.733837	2.068457	4.1720977	0.0709384	4.5057487	4.0808196	790000	-2.9802324e-10	0.4367193	0.00011266779	-0.0009990335	0.008223016	0.00024563484	0.0023427734	624.0	4345.917973041534
395	2000.0	4.158971	0.75717366	6.3861823	2.1990464	4.141806	0.06418334	4.3997107	4.057913	792000	3.2782557e-10	0.42839262	0.00037940245	-0.0004054606	0.008229874	0.00057239487	0.0047519533	624.0	4356.984387874603
396	2000.0	4.146549	0.7466574	6.5163803	1.7657712	4.1557374	0.059153553	4.4185405	4.070755	794000	-1.4305115e-09	0.4241041	0.000118138676	0.00037544966	0.008366946	0.00022319448	0.0019462891	624.0	4368.033787250519
397	2000.0	4.104597	0.75012034	6.464785	1.9409496	4.132296	0.06213073	4.397192	4.063511	796000	-1.3113023e-09	0.43030453	0.00017936266	-0.00054752827	0.008280051	0.0004370543	0.0042871092	624.0	4379.05906867981
398	2000.0	4.1212683	0.77312696	7.294114	1.7536304	4.1148167	0.066437855	4.3975186	4.0326605	798000	-2.6226046e-09	0.4514279	0.00037235423	0.00023153424	0.008179687	0.0006120931	0.0051279296	624.0	4390.079887628555
399	2000.0	4.150755	0.748643	6.42867	2.2361472	4.1451917	0.064084195	4.4076605	4.0646114	800000	-1.6391279e-10	0.43549103	3.037506e-05	-0.00013664365	0.00814474	0.00010562955	0.0010576171	624.0	4401.126525402069
